1.40591259061809920162  37037.03703703703703703703 227 227
1.65401067441071570325  37037.03703703703703703703 227 227
2.18993870309484222823  500000.00000000000000000000 227 227
1.04663513939210555578  37037.03703703703703703703 227 227
1.54792376346504535998  37037.03703703703703703703 227 227
1.46969384566990685891  37037.03703703703703703703 227 227
4.52261475706816727922  500000.00000000000000000000 227 227
2.92586768333712451162  500000.00000000000000000000 227 227
3.17102272747096794228  37037.03703703703703703703 227 227
3.41639875600629045007  500000.00000000000000000000 227 227
0.79655495719996609696  37037.03703703703703703703 227 227
0.68415959999981262511  2916.30212890055409740449 227 227
1.89963439721682138196  2848.51592320401071041987 227 227
0.85426868661332297899  500000.00000000000000000000 227 227
0.26183304986958854358  37037.03703703703703703703 227 227
0.83198453045710598017  2690.48643994834266035299 227 227
0.28060662632966832736  37037.03703703703703703703 227 227
0.46571969454467780128  37037.03703703703703703703 227 227
6.53572133403439455446  111111.11111111111111111111 227 227
1.39435368881871505926  2470.03233272323534715069 227 227
0.74012604163423821081  500000.00000000000000000000 227 227
1.06157560586067749387  2247.03952542525223018672 227 227
0.45799756509618073447  1931.88184610629213917276 227 227
0.51436867236104014021  1895.33936051249976308257 227 227
0.55254845077103868439  1670.22982362373062533404 227 227
0.25608277029706626969  500000.00000000000000000000 227 227
0.48645985581955746998  1641.17376747850062364603 227 227
0.82450337702077190330  1419.16439600363306085376 227 227
0.88633711163767663877  1304.61442120781203115419 227 227
1.36973220153772095722  1201.90863090587853511376 227 227
2.22238148965616526446  1000000.00000000000000000000 227 227
0.36266991104813072759  985.57123708901679413387 227 227
0.33302457126178268172  925.78877203377277440379 227 227
0.58233710096151645329  901.32314237300356923964 227 227
0.31779718278112658487  835.88976285807427716432 227 227
0.28716217110259006221  786.96161988179836469375 227 227
