427.088 0.010 13.1 1.76 0.04 1
432.1 0.1 0.0343 0.0028
2 432.38 0.09 0.3 0.0087 .01 4
438.2 0.6 0.0302 0.0017
438.8 0.3 0.4 0.04 4
2 439.3 0.081 0.014
445.03 0.01 9 1.27 0.05 1
517.63 0.06 0.36 0.044 0.003 4
527.61 0.01 0.52 0.070 0.004 4
583 0.07 0.25 0.04 4
598.72 0.02 0.57 0.0932 0.00484
2 608.3 1.0 0.0043 0.0022
609.32 0.04 0.24 0.056 0.003 4
609.38 0.04 0.043 0.006
676.64 0.07 0.0205 0.0024
676.69 0.07 0.16 0.013 0 864
704.64 0.03 33 0.462 0.011 1
766.51 0.03 47 0.617 0.016 861
832.01 0.03 24.1 3.52 0.06 1
1 897.77 0.12 24 0.26 0.009 1
1014.64 0.05 0.12 0.0173 0.0005 3
1080.16 0.06 0.10 0.0123 0.0007 3
1109.48 0.05 0.79 0.115 0.004 1
1120 2
1196.33 0.05 0.07 0.0102 0.0004 3
1270.71 0.08 0.05 0.0068 0.0005 3
