Page -185-

10° 7As(52 min.)
11-15-67
3.5 cm? x 8 mm Ge(Li)
no absorber
1.75 cm
33-70-1

104

108

1339-74412

1522/1523

10?

Counts/Channel/Second

101

 

   

0 200 0 600 800 00 200 0 600 800 20
2000 2200 2400 2600 2800 3000 3200 3400 3600 3800 4000

Channel Number

   

Table of Contents
Page -186-

70As(52 min.) Decay Scheme 52 min.

 

 

 

 

 

 

 

 

 

 

 

 

 

 

 

 

 

 

So
N A.
iN So 5 Aw | 2st fo
$9 N ° to t+ raryo
O+ se v Q an HVE] OY 121530
2+ 4 ¥ vy Tw ov Fw 1040.00
K So
oO tT
KS S So
to ™ ™

a
stable 70
Sp _7S-=
GN | Table of Contents | v=
A -
Page -187-

 

GAMMA-RAY ENERGIES AND INTENSITIES

 

 

 

 

 

 

 

 

 

 

 

 

 

 

 

 

 

 

 

 

 

 

 

 

 

 

 

 

 

 

 

 

 

 

 

 

 

 

 

 

 

 

 

 

 

 

 

 

 

 

 

 

 

 

 

 

 

 

 

 

 

 

 

 

 

 

 

 

 

 

 

 

 

 

 

 

 

 

 

 

 

 

Nuclide: 7°As Ey, OE, ly, oly - 1998 ENSDF Data Half Life: 52.6 (3) min.
Detector: 3.5 cm2 x 8 mm Ge (Li) Method of Production: 7°Ge(p,n)
E, (keV) cE, L, (rel) 1 (06) ol, s E, (keV) cE, L, (rel) 1(%) ol, s
175.3 05 26 2.69 0.28 3 14125 05 11.0 88 1.0 2
240.5 0.5 0.20 0.22 0.04 4 1418.3 0.5 0.51 0.17 4
252.3 05 24 3.0 0.4 3 1496.1 0.5 1.60 0.18 4
294.2 05 0.19 0.04 4 1507.1 05 0.40 0.25 4
298.8 05 0.4 0.40 0.08 4 1512.1 05 0.29 0.17 4
373.0 2.0 1.26 0.05 4a pL__18225 1.0 65 3
448.0 1.0 0.17 0.03 4 1523.3 05 : 5.2 05
450.9 7.0 0.110 0.026 4 1566.6 05 0.29 0.17 4
492.2 05 0.9 1.01 0.09 4 1587.9 0.5 0.45 0.09 4
497.0 0.5 24 2.61 0.27 4 1707.9 0.5 22.8 18.4 2.0 1
Ann.[__511.006 174. 14. 1 17813 05 53 40 05 3
595.2 0.5 217 16.8 1.8 2 1883.1 0.5 0.9 0.53 0.11 3
607.6 05 45 40 05 3 1945.0 05 0.08 0.08 4
615.0 1.0 41 0.6 4 1949.0 0.5 0.17 0.03 4
653.0 0.5 0.4 0.61 0.13 4 2007.7 05 34 3.0 0.4 3
aes os 24.5) as =< < 2020.0 05 21.2 17.2 18 1
6960 TO +38 007 7 2064.7 3.0 0.126 0.005 4
: : < : 2095.5 3.0 0.19 0.15 4
744.8 05 26.2 21.5 24 2 a1876 +0 06 038 008 4
re +8 a oa + 2219.3 1.0 ; O11 0.06 a
a0 oF 35 35 Ga 7 2256.1 1.0 0.13 0.07 4
: = : : = 2326.6 1.0 0.12 0.06 4
893.1 05 24 2.02 0.19 4 3334 T0 008 008 4
901.9 05 42 143 0.18 3 SADT D T0 08 008 7
908.7 9.8 12.5 14 4 2425.0 1.0 0.08 0.08 4
942.1 05 24 1.43 0.18 4 3420 T0 O08 008 4
953.8 0.5 0.49 0.10 4 3449.3 10 036 0.08 7
p|_1040.0 0.5 100. 81. 5. 1 2519.5 3.0 0.08 0.08 a
1040.0 0.5 6.74 0.27 2637.2 1.0 0.5 0.31 0.06 4
1099.3 05 5.1 45) 05 3 27804 3.0 0.08 0.08 4
11143 05 25.2 21.8 2.4 2 3852.3 3.0 0.04 0.04 4
1118.1 05 3.7 3.3 0.4 4 2964.9 3.0 0.08 0.08 4
1184.0 2.0 1.9 0.8 4 3125.6 1.0 0.07 0.07 4
1218.3 0.5 0.19 0.03 4 3290. 40. 0.19 0.04 4
1250. 20. 4.0 1.3 4 3470. 40. 0.15 0.03 4
1296.1 0.5 0.18 0.08 4 3920. 30. 0.16 0.03 4
1332.2 0.5 0.63 0.13 4 4090.6 3.0 0.017 0.017 4
1336.0 0.5 0.63 0.13 4 4327.9 3.0 0.017 0.017 4
1339.4 05 115 9.2 1.0 2 4434.5 3.0 0.008 0.008 4
1351.8 0.5 0.61 0.12 4 4700. 50. 0.017 0.008 4

 

 

 

 

 

 

 

 

 

 

 

 

 

 

 

 

Table of Contents

   
