Page -192-
107 76As(1.07 day)

3-24-70
55 cm coaxial Ge(Li)
0.5 g/cm? poly
40cm
33-76-2

10°

403

3
o
©
<
¢
<
ge.
eo
9:

106

10*

108

Counts/Channel/Second

10?

10°

   

2200 2400 2600 2800 3000 3200 3400 3600 3800 4000
Channel Number

 

Table of Contents
Page -193-

7®As(1.07 day) Decay Scheme
1.07 day

7 —
33 As Q=2962.0

9
0,

9,

N
+
N

 

_ saSe stable

pp =)
=~ | Table of Contents | v=
ee —
Page -194-

 

GAMMA-RAY ENERGIES AND INTENSITIES

 

 

 

 

 

 

 

 

 

 

 

 

 

 

 

 

 

 

 

 

 

 

 

 

 

 

 

 

 

 

 

 

 

 

 

 

 

 

 

 

 

 

 

 

 

 

 

 

 

 

 

 

 

 

 

 

 

 

 

 

 

 

 

 

 

 

Nuclide: 7©As E,, oE,, l,, oly - 1998 ENSDF Data Half Life: 1.0778(20) day
Detector: 55 cm coaxial Ge (Li) Method of Production: 75As(n,7)
E, (keV) oE, \ (rel) ly (%) oly s E, (keV) oE, \ (rel) ly (%) oly s
302.20 0.20 0.0090 0.0014 4 921.6 04 0.0009 0.0005 | 4
358.4 0.7 0.0135 0.0006 4 954.6 03 0.0018 0.0014 | 4
403.20 0.20 0.08 0.0234 0.0017 4 957.6 05 0.0018 0.0009 | 4
B73 7.0 0.0074 0.0005 4 980.90 0.10 0.09 0.047 0.003 4
456.90 0.10 0.32 0.036 0.003 4 1030.6 1.0 0.0009 0.0005 | 4
463.6 07 0.0009 0.0005 4 1060.6 03 0.0018 0.0005 | 4
466.5 1.0 0.005 0.004 4 1098.20 0.20 0.0036 0.0005 4
472.80 0.10 0.48 0.050 0.005 4 1129.87 0.05 0.34 0.126 0.015 4
484.8 03 0.0059 0.0014 4 1130.0 1.0 0.018 0.014 4
559.10 0.05 100 45.0 2.0 1 1212.92 0.05 3.4 1.44 0.11 2
563.23 0.05 2.7 1.20 0.09 3 1216.08 0.05 7.2 3.42 0.24 1
571.50 0.10 0.39 0.140 0.017 4 7228.52 0.05 26 1.22 0.17 2
575.30 0.05 0.18 0.068 0.006 4 1393.0 2.0 4
602.5 04 0.0009 0.0005 4 7439.10 0.05 0.62 0.279 0.19 3
639.5 1.0 0.0036 0.0014 4 1453.62 0.05 0.29 0.108 0.17 4
657.05 0.05 14.0 6.2 0.5 1 1467.0 1.0 0.0009 0.0005 4
665.0 1.0 0.04 0.04 1532.80 0.20 0.10 0.0243 0.0018 4
Dl 65.34 0.05 0.96 0.36 0.04 3 1563.0 1.0 0.0078 0.0005 | 4
695.20 0.10 0.0090 0.0010 q 1567.90 0.10 0.0077 0.0006 4
727.00 0.07 0.08 0.0185 0.0016 4 1611.2 0.4 0.0077 0.0006 4
740.10 0.05 0.27 0.4117 0.017 4 1787.66 0.08 0.73 0.293 0.023 3
755.0 05 0.0005 0.0005 4 7805.0 2.0 0.0074 0.0009 | 4
77174 0.05 0.27 0.122 0.011 4 1870.00 0.05 0.28 0.054 0.006 4
776.5 05 0.0009 0.0005 4 1881.3 0.4 0.0009 0.0005 | 4
797.0 04 0.005 0.004 4 1955.7 03 0.04 0.0090 0.0010 [4
809.80 0.10 0.03 0.0171 0.0072 4 2096.30 0.05 1.3 0.55 0.04 1
852.8 1.0 0.0023 0.0014 4 2110.80 0.05 0.76 0.33 0.03 1
857.0 0.8 0.0009 0.0009 4 2127.0 05 0.0074 0.0005 | 4
863.8 0.4 0.0113 0.0011 4 2429.00 0.08 0.10 0.032 0.003 2
sores oe 026 | 0-131 oon | 4 2655.30 0.08 0.10 | 0.044 0.003 | 7
OFS of GTS DOT 7 2669.7 05 0.0003 0.0000 | 4

 

 

 

 

 

 

 

 

 

 

 

 

 

 

 

 

Table of Contents

   
