-765-

 

coaxial Ge(Li)

1/8 Inch Poly
5cm
79-194-2

>
‘co
=
2
oO
LS
3
<x
&

2-24-72 thru 2-25-72

55 cm?

€02/Z0L
n

Sv9
zeg/izo HE
v6g/e6
I68S7 zag
]62S/8cS i
“pey"uuy-11G
zr

-
o
2
£
Ss
z
oO
<
<
o
£
oO

z
2
=
eo
2
=
3
Oo
Sm)
3
2
=
SB

Idies
ebb

 

© Pa 2 2 o o °
° o ° o ° ° °
= = = = = = =

 

puosas/jeuueyo/s}uno9

Page
Page -766-

194AU(38 hr.) Decay Scheme

gamma-rays emitted from high energy levels gamma-rays emitted from medium energy levels
_ 38 hr. 38 hr.

a=2492 J '75AU 194
Q=2492 7AU

  

o oO s

= 3 §

nN nN =
O+ Lv ¥ v 0 O+ 0
stable 198Pt 194D¢ Stable

=e _ecegees
EB Table of Contents Ss
Page -767-

 

 

194AU(38 hr.) Decay Scheme

gamma-rays emitted from low energy levels

‘Pt

Table of Contents

38 hr.
"Au
Page -768-

 

GAMMA-RAY ENERGIES AND INTENSITIES (page 1 of 3)

 

 

 

 

 

 

 

 

 

 

 

 

 

 

 

 

 

 

 

 

 

 

 

 

 

 

 

 

 

 

 

 

 

 

 

 

 

 

 

 

 

 

 

 

 

 

 

 

 

 

 

 

 

 

 

 

 

 

 

 

 

 

 

 

 

 

 

 

 

 

 

 

 

 

 

 

 

 

 

 

 

 

 

 

 

 

 

 

 

 

 

 

 

 

 

 

 

 

 

Nuclide: 194Au E,, OE, |, Gly - 1998 ENSDF Data Half Life: 38.02(10) hr.
Detector: 55 cm coaxial Ge (Li) Method of Production: 194Pt(p,n)

E, (keV) OE, L, (rel) ly (%) oly s E, (keV) OE, A) ly (%) oly s
49.65 0.10 0.024 0.007 4 421.65 0.05 0.0305 0.0029 4
59.45 0.10 0.0049 0.0012 [4 436.81 0.09 0.0134 0.0025 [4
69.64 0.10 0.0023 0.0007, [ 4 449.36 0.07 0.30 0.171 0.015 4
107.42 0.10 0.0043 0.0018 | 4 482.80 0.04 1.84 1.1285 0.0825 [| 2
706.49 0.10 0.0073 0.0019 | 4 500.72 0.19 0.0067 0.0019 | 4
140.54 0.10 0.058 0.007 4 Ann.{__511.006 3.4 0.3 2
151.83 0.10 0.056 0.008 4 D 528.76 0.10 3.58 1.65 0.20 1
162.57 0.10 0.021 0.004 :

529.88 0.10 0.61 0.07

D[__t62.64 0.04 0.22 0.0238 0.0022 | 4

544.4 06 0.025 0.009 a
163.95 0.10 0.128 0.014

562.6 0.3 0.15 0.085 0.007 4
171.84 0.10 0.061 0.007 4

589.24 0.07 041 0.250 0.022 3
173.30 0.10 0.0049 0.0018 [4 303.35 010 334 3.07
189.11 0.10 0.0038 0.0008 [4 D : - 0.77 : - 3

504.28 0.10 0.12 0.03
189.84 0.10 0.0037 0.0024 [4

602.02 0.09 0.018 0.007 4
197.77 0.10 0.0067 0.0013 | 4
20276 020 73 033 0.03 7 607.54 0.08 0.46 0.293 0.023 3
212.11 0.26 0.0055 0.0025 | 4 pL 821.21 0.10 3.85 0.61 0.07 1
215.57 0.10 0.0085 0.0025 [| 4 622.05 0.10 171 0.20
223.97 0.10 0.032 0.006 4 627.7 06 0.0038 0.0071 a
239.46 0.10 0.085 0.007 4 645.18 0.03 3.40 2.14 0.15 1
243.66 0.17 0.010 0.003 4 668.27 0.10 0.17 0.110 0.008 4
244.78 0.10 0.028 0.004 4 671.16 4
250.17 0.10 0.030 0.004. 4 675.2 0.6 0.061 0.018 4
253.56 0.10 0.0031 0.0012 4 700.6 0.6 0.06 0.03 4
285.3 07 0.053 0.016 4 702.62 0.10 0.05 0.04
290.76 0.10 0.11 0.04 4 Dl —703.54 0.05 0.66 0.41 0.04 3
291.20 0.10 0.0067 0.0025 4 736.23, 0.15 0.22 0.128 0.014 4
293.58 0.03 16.6 10.4 0.7 1 774.9 13 0.049 0.024 4
300.77 0.06 35 0.85 0.07 3 781.8 2.0 0.05 0.03 4
304.87 0.08 0.0183 0.0020[ 4 781.97 0.05 0.043 0.006 4
318.14 0.08 0.30 0.25 0.07 4 807.06 0.30 0.021 0.005 4
328.50 0.03 100. 61. 4. 1 810.65 0.08 0.34 0.195 0.026 4
363.10 0.18 0.0059 0.0003__[ 4 814.89 0.29 0.0073 0.0013 | 4
364.87 0.04 2.52 1.51 0.11 2 818.9 0.5 9.030 0.006 4
366.42 0.04 0.036 0.004 4 843.89 0.10 0.128 0.025 4
373.33 0.14 0.0067 0.0013 (‘| 4 846.9 0.6 0.055 0.018 4
398.95 0.12 0.014 0.004 4 855.5 13 0.10 0.04 4
412.27 0.10 0.030 0.018 4 859.3 13 0.061 0.025 4
418.06 0.20 0.043 0.006 4 886.0 2.0 0.012 0.006 4
418.06 020 0.043 0.006 4 889.97 0.10 0.19 0.134 0.020 4

     
 

 

J,

Table of Contents

 
Page -769-

 

GAMMA-RAY ENERGIES AND INTENSITIES (page 2 of 3)

 

 

 

 

 

 

 

 

 

 

 

 

 

 

 

 

 

 

 

 

 

 

 

 

 

 

 

 

 

 

 

 

 

 

 

 

 

 

 

 

 

 

 

 

 

 

 

 

 

 

 

 

 

 

 

 

 

 

 

 

 

 

 

 

 

 

 

 

 

 

 

 

 

 

 

 

 

 

 

 

 

 

 

Nuclide: 194Au E,, OE, |, Gly - 1998 ENSDF Data Half Life: 38.02(10) hr.
Detector: 55 cm? coaxial Ge (Li) Method of Production: 194Pt(p,n)

E, (keV) oE, \, (el) ly (%) ol s E, (keV) oE, A) ly (%) ol S
894.4 04 0.030 0.012 4 7450.06 0.15 0.55 0.323 0.029 3
925.15 0.07 0.48 0.293 0.028 3 1463.45 0.10 1.19 0.73 0.07 3
932.4 1.3 0.037 0.018 4 1468.89 0.05 10.5 6.4 0.5 1
938.71 0.03 1.76 T10 0.08 3 474.21 0.14 0.021 0.003 7
948.29 0.04 3.53 2.20 0.16 2 1479.27 0.10 4
958.0 2.0 0.06 0.03 4 1487.0 0.3 0.20 0.128 0.025 4
1000.19 0.15 0.27 0.183 0.020 4 1491.97 0.15 0.29 0.177 0.026 4
1007.0 0.6 0.085 0.025 4 1500.5 1.0 0.037 0.018 4
7030.9 05 0.018 0.006 4 7511.9 03 0.049 0.012
1038.56 0.08 0.52 0.32 0.03 3 D-—5119 03 0.19 0.067 0.025 4
1048.58 0.05 TA 0.86 0.06 3 7518.50 0.20 0.073 0.013
1080.63 0.22 0.012 0.005 4 DO 4518.63 0.06 0.11 0.065 0.010 4
1081.8 1.9 0.030 0.018 4 1535.52 0.26 0.0098 0.0025 4
1104.06 0.05 3.27 2.01 0.16 2 1541.65 0.13 0.0207 0.0026 | 4
1119.8 0.6 0.13 0.04 4 1547.9 04 4
1121.3 0.4 0.037 0.024 4 1562.8 03 0.56 0.323 0.029 3
1147.0 05 0.024 0.012 4 7592.40 0.10 140 0.13
1150.78 0.05 2.26 1.39 0.10 3 0/45 93.50 0.10 28 061 0.13 2
1156.61 0.06 0.76 0.45 0.04 3 1595.80 0.10 28 7A 0.20 2
1175.34 0.05 3.36 2.01 0.16 2 1602.01 0.10 0.45 0.26 0.03 4
1183.52 0.05 1.04 0.63 0.07 3 1617.73 0.15 0.34 0.207 0.026 4
1186.3 0.5 0.055 0.024 4 1622.23 0.15 0.26 0.177 0.026 4
1194.9 13 0.08 0.03 4 1632.86 0.15 0.47 0.256 0.027 4
1208.5 0.4 0.24 0.12 4 1665.42 0.13 0.026 0.004 4
1218.76 0.05 1.76 1.10 0.08 3 1670.66 0.15 0.36 0.18 0.04 4
1262.43, 0.10 0.029 0.003 4 1675.1 05 0.05 0.05
1267.37 0.15 4 oO 4675.7 03 0.27 0.13 0.03 4
1291.8 1.0 0.12 0.06 4 1689.70 0.20 0.28 0.15 0.03 4
1293.9 0.5 0.12 0.06 4 1715.23 0.06 1.14 0.69 0.06 3
1302.29 0.08 0.43 0.268 0.028 4 T7244 13 0.08 0.04 q
1308.55 0.20 0.24 0.146 0.020 4 1735.31 0.10 0.46 0.287 0.028 3
1317.3 13 0.049 0.024 4 1744.3 05 0.032 0.009 4
1339.6 0.3 0.45 0.28 0.06 4 T7572 06 0.081 0.018 Z
1342.15, 0.10 2.03 1.22 0.11 3 1775.83 0.21 0.020 0.005 4
1346.7 0.3 0.010 0.004 4 1778.60 0.10 0.050 0.012 4
1388.75 0.19 0.016 0.004 4 1785.47 0.07 0.62 0.38 0.04 3
1421.65 0.07 0.60 0.35 0.04 3 7790.2 2.0 q

piL__1432.0 0.6 0.30 0.06 0.04 4 1797.31 0.08 1.06 0.61 0.06 3
1432.0 06 0.085 0.079 7803.0 06 018 0.06 4
1441.87 0.15 0.33 0.183 0.026 4 1805.7 06 018 0.06 Z

 

 

 

 

 

 

 

 

 

 

 

 

 

 

 

 

 

Table of Contents

   
Page -770-

 

GAMMA-RAY ENERGIES AND INTENSITIES (page 3 of 3)

 

 

 

 

 

 

 

 

 

 

 

 

 

 

 

 

 

 

 

 

 

 

 

 

 

 

 

 

 

 

 

 

 

 

 

 

 

Nuclide: 194Au Ey, OE,, ly, Gly - 1998 ENSDF Data Half Life: 38.02(10) hr.
Detector: 55 cm coaxial Ge (Li) Method of Production: 194Pt(p,n)

E, (keV) oE, \ (rel) ly (%) ol Ss E, (keV) oE, \ (rel) a) ol s

1812.22 0.25 0.033 0.008 4 2068.2 13 0.018 0.012 4

1812.8 0.6 4 2068.8 1.0 0.021 0.007 4

1817.0 05 0.037 0.012 4 2083.6 1.0 0.035 0.006 4

1829.41 0.10 0.41 0.244 0.022 3 2085.8 0.4 4

1835.33 0.07 0.64 0.37 0.03 3 2113.90 0.20 0.46 0.262 0.022 1

1856.3 13 0.043 0.024 4 21644 04 q

1856.8 1.0 0.030 0.003 4 2199.6 13 0.012 0.006 4

pl_1885.90 0.10 5.33 1.89 0.15 1 2204.0 13 0.012 0.006 4

1887.00 0.10 : 1.40 0.14 2215.15 0.15 0.32 0.183 0.015 1

1893.1 04 4 2298.2 03 0.72 0.028 0.005 2

1911.30 0.15 0.21 0.128 0.014 3 2312.01 0.15 0.28 0.171 0.015 1

1924.18 0.05 3.22 2.01 0.16 1 2357.0 08 4

1958.74 0.20 0.26 0.165 0.020 3 2365.56 0.20 0.057 0.040 0.006 2

1969.65 0.07 0.74 0.44 0.03 2 2371. 3. 0.0122 0.0006 4

1984.1 06 0.037 0.012 4 2397.7 1.0 0.0038 0.0008 4

2043.67 0.06 5.92 3.60 0.25 1 2412.3 0.6 0.017 0.003 4

2063.7 0.5 0.0098 0.0025 4 2447.4 1:3 0.012 0.006 4

 

 

 

 

 

 

 

 

 

 

 

 

 

 

 

 

   

Table of Contents
