Page -792-

106 208Bi(15 day)
7-6-66
2.5 cm? x 8 mm Ge(Li)
1.25 g/cm? Be
10cm
83-205-1
105
3
& =
c—_—_
< g 703/704
108 ——— 5
eS So é
33 -— 10) 38
+ —
eS =
=
z 2
8 ce
3 108 se
3
c
c
oO
co
9
wo
= 102
=}
fo}
°

10°

10°

 

Channel Number

   

Table of Contents
15 day

 

205Bi(15 day) Decay Scheme
7EPb

Page -793-

Table of Contents
Page -794-

 

GAMMA-RAY ENERGIES AND INTENSITIES (page 1 of 2)

 

 

 

 

 

 

 

 

 

 

 

 

 

 

 

 

 

 

 

 

 

 

 

 

 

 

 

 

 

 

 

 

 

 

 

 

 

 

 

 

 

 

 

 

 

 

 

 

 

 

 

 

 

 

 

 

 

 

 

 

 

 

 

 

 

 

 

 

 

 

 

 

 

 

 

 

 

 

 

 

 

 

 

 

 

 

 

 

 

 

 

 

 

 

 

 

 

 

 

 

 

 

 

Nuclide: 2°5Bi Ey, OE,, ly Gly - 1998 ENSDF Data Half Life: 15.31(4) day
Detector: 2.5 cm? x 8 mm Ge (Li) Method of Production:206 Pb (p,2n)
E, (keV) OE, 1, (el) ly (%) Oly s E, (keV) oEy 1, (rel) 1 (%) oly S
2.328 0.007 4 511.50 0.05 0.855 0.016 4
26.220 0.010 0.0014 0.0007 4 549.84 0.04 8.88 2.95 0.03 3
90.04 0.04 0.109 0.022 4 561.27 0.05 0.053 0.005 4
112.70 0.10 0.0087 0.0006 [4 570.60 0.05 13.22 434 0.06 2
115.10 0.10 0.23 0.075 0.003 4 573.85 0.05 0.622 0.013 4
122.6 10 0.0068 0.0006 [4 576.30 0.10 0.188 0.006 4
127.00 0.20 0.0031 0.0006 [4 579.80 0.10 5.44 0.06 3
729.62 0.10 0.03 0.0062 0.0006 [4 606.25 0.15 0.025 0.004 4
148.80 0.20 0.0053 0.0016 | 4 626.71 0.40 1.78 0.585 0.006 4
164.95 0.10 0.0156 0.0009 [| 4 646.00 0.10 0.065 0.003 4
170.80 0.20 0.0040 0.0009 [4 661.40 0.15 0.028 0.005
785.22 0.10 0.28 0.095 0.006 4 pL__s86 06 0.079 0.012 4
205.74 0.07 0.025 0.003 4 669.8 12 0.009 0.012
221.07 0.07 0.0317 0.0019 [4 683.5 03 0.026 0.003 4
235.97 0.06 0.057 0.003 4 688.50 0.05 0.227 0.009 4
248.40, 0.20 0.0079 0.0012 [4 701.16 0.20 0.16 0.06 4
pL__259.46 0.20 3.10 0.050 0.025 3 708.4
260.50 0.05; : 1.09 0.03 D|_703.45 0.05 100. 31.10 0.10 1
262.80 0.05 1.19 0.364 0.012 4 704.86 0.20 038 0.09
277.2 0.5 0.016 0.003 4 717.37 0.05 0.311 0.006 4
282.38, 0.07 114 0.426 0.006 4 720.65 0.10 0.143 0.009 4
p|L__284.15 0.10 4.80 1.692 0.022 3 723.09 0.20 0.028 0.012 4
284.26 0.10 0.031 0.009 723.57 0.05 0.152 0.012 4
310.35 0.05 0.27 0.104 0.003 4 729.40 0.05 0.065 0.004 4
p|__ 312.84 0.20 0.18 0.025 0.009 4 744.70 0.10 2.33 0.697 0.016 4
313.43 0.20 0.034 0.009 757.09 020 0.42 0.05 a
339.25 0.20 0.0709 0.0016 [4 759.10 0.10 373 1.04 0.05 a
349.55 0.05 148 0.563 0.070 4 761.35 0.10 3-16 068 0.03 a
364.45 0.10 0.0177 0.0019 [4 764.99 020 0.009 0.004 z
361.20 0.20 0.031 0.009 4 771.40 0.15 0.047 0.004 4
361.85 0.20 0.030 0.009 4 777.85 0.15 0.073 0.009 4
444.8 0.7 0.014 0.006 4 780.92 0.05 1.56 0.572 0.010 4
476.30 0.15 0.023 0.003 4 788.13 0.15 0.100 0.016 4
488.05 0.15 0.039 0.005: 4 789.30 0.20 0.019 0.009 4
493.65 0.05 0.97 0373 0.008 4 795.67 0.05 0.140 0.006 4
498.40 0.15 0.093 0.016 800.80 0.05 0.190 0.006 4
DL_498.87 0.20 0.55 0.040 0.025 4 806.55 0.10 0.159 0.012 4
499.54 0.20 0.062 0.016 813.75 0.10 1.49 0.470 0.012 4
503.4 0.5 0.008 0.005: 4 828.22 0.05 0.289 0.012 4
Ann.[__ 511.006 0.297 0.014 4 31.0 03 0.040 0.009 4

     
 

 

J,

Table of Contents

 
Page -795-

 

GAMMA-RAY ENERGIES AND INTENSITIES (page 2 of 2)

 

 

 

 

 

 

 

 

 

 

 

 

 

 

 

 

 

 

 

 

 

 

 

 

 

 

 

 

 

 

 

 

 

 

 

 

 

 

 

 

 

 

 

 

 

 

 

 

 

 

 

 

 

 

 

 

 

 

 

 

 

 

 

 

 

 

 

 

 

 

 

 

 

 

 

 

 

Nuclide: 2°5Bi Ey, OE,, ly, Gly - 1998 ENSDF Data Half Life: 15.31(4) day
Detector: 2.5 cm? x 8 mm Ge (Li) Method of Production:206 Pb (p,2n)
E, (keV) OE, Ly (rel) 1, (%) oly s E, (keV) OE, 1, (rel) 1, (06) ol S
842.8 03 0.022 0.006 4 1208.70 0.05 1.65 0.512 0.010 4
848.2 0.3 0.026 0.004 4 1216.25 0.10 0.101 0.005 4
852.90 0.05 0.072 0.005 4 1256.9 05 0.022 0.017 4
860.13 0.05 1.40 0.435 0.008 4 1261.65 0.20 0.062 0.006 4
871.95 0.05 1.32 0.417 0.009 4 1264.60 0.20 0.050 0.022 4
890.15 0.05 2.05 0.678 0.010 4 1264.80 0.20 0.124 0.022 4
894.56 0.05 2.69 0.622 0.010 4 1265.9 0.3 0.047 0.012 4
907.90 0.05 0.129 0.005 4 1277.20 0.20 0.088 0.004 4
910.90 0.05 5.25 1.64 0.03 3 1351.52 0.05 3.51 1.06 0.03 4
922.15 0.10 0.053 0.003 4 1438.70 0.20 0.117 0.006 4
931.50 0.15 0.039 0.005 4 1499.00 0.15 0.471 0.014 4
950.84 0.05 127 0.389 0.009 4 1501.40, 0.10 0.227 0.014 4
971.56 0.05 0.280 0.006 4 1513.40, 0.20 0.070 0.012 4
978.50 0.10 0.040 0.006 4 1521.20 0.10 0.199 0.012 4
987.49 0.20 0.09 0.08 1548.65, 0.15 0.280 0.016 4
Dr —987.66 0.05.) ©3468 [7613 0.16 1 1551.00 0.10 254 0.970 0.025 | 4
989.12 0.20 0.0311 0.0001 4 1563.15 0.10 0.165 0.009 4
989 84 020 0.075 0.025 4 1577.50 0.15 0.166 0.009 4
992.65 020 0.09 0.03 4 1593.00 0.15 0.115 0.008 4
pL t00t 59 0.20 178 026 0.04 1 1614.30 0.15 6.36 2.28 0.04 3
T00T 95 020 : 027 004 1619.10 0.15 0.367 0.016 4
1003.0 03 0.07 003 q 1676.4 0.3 0.033 0.006 4
1013.40 0.15 0.082 0.019 1756.4 0.3 0.218 0.012 4
D[__i073.80 0.10 3.29 0.058 0.012 4 1760.04 0.40 0.12 0.03 4
1014.30 0.05 0.914 0.019 1764.30 0.10 93.05 32.5 0.6 1
1031.5 0.3 0.034 0.011 4 1775.80 0.10 11.10 3.99 0.08 1
1038.86 0.24 0.114 0.009 4 1815.6 04 0.014 0.005 a
1043.75 0.05 23.87 7.51 0.10 2 1818.00 0.20 4
1060.75 0.15 0.044 0.005: 4 1818.00 0.20 0.047 0.004 4
1068.90 ot 0.08 0.008 4 1861.70 040 | 17.44 | 6.17 0.10 1
1072.40 O10 0302 0.006 7 1903.45 0.10 6.71 2.47 0.04 1
1075.10 O10 OTT 0.005 4 1965.8 05 0.0081 0.0016 | 4
1107-72 O10 0.099 0.009 4 2003.3 05 0.0037 0.0016 | 4
1190.03 005 734 3.26 0.06 3 2565.10 0.15 0.0423 0.0022 | 4
1199.62 O10 0.190 0012 4 2607.10 0.20 0.0187 0.0019 | 4

 

 

 

 

 

 

 

 

 

 

 

 

 

 

 

 

Table of Contents

   
