Page -214-

Counts/Channel/Second

10°

10°

10*

108

10?

10°

 

665
681

695
727/730
“Br
771

789

803

77 r

DI

882
901
942|

|
11129
213/1216

o
m
1158/1161

XN
oO
3
=
a
NN
=}
2

Channel Number

Table of Contents

7>Br(16 hr.)

1-16-67
2.5 cm? x 8 mm Ge(Li)
1.0 g/cm? poly
3cm
35-76-1

 

 
Page -215-

3929

oa
So
©
oO

&

O+ v i ¥ 8 0
7
#Se

7Br(16 hr.) Decay Scheme

gamma-rays emitted from high energy levels

Table of Contents

16 hr.

 
Page -216-
76Br(16 hr.) Decay Scheme , 16hr. |

jamma-rays emitted from low energy levels
9 y: gy 76 B
3br

Q=4963

 

Se

SD
Table of Contents 4s

 
Page -217-

 

GAMMA-RAY ENERGIES AND INTENSITIES (page 1 of 3)

 

 

 

 

 

 

 

 

 

 

 

 

 

 

 

 

 

 

 

 

 

 

 

 

 

 

 

 

 

 

 

 

 

 

 

 

 

 

 

 

 

 

 

 

 

 

 

 

 

 

 

 

 

 

 

 

 

 

 

 

 

 

 

 

 

 

 

 

 

 

 

 

 

 

 

 

 

 

 

 

Nuclide: “Br E,, OE, |,, oly - 1998 ENSDF Data Half Life: 16.2(2) hr.
Detector: 2.5 cm2 x 8 mm Ge (Li) Method of Production: Br(y,xn)

E, (keV) oF, Ly (rel) by (%) oly s E, (keV) ot, Ly (rel) by (%) oly s
209.7 02 0.0592 | 0.0016 | 4 907.0 07 0.155 0015 | 4
281.4 0.2 0.163 0.004 | 4 913.0 2.0 0.05 0.03 | 4
309.2 0.2 0.141 0.004 | 4 923.0 0.0 4
318.4 0.2 0.133 0.004 | 4 934.2 1.0 0.074 0015 | 4
358.0 03 13 0.37 0.15 4 pL 9423 05 063 0.185 0.005 |,
399.5 0.2 4 942.3 0.5 " 0.185 0.005
399.5 0.2 43 0.34 0.04 4 980.9 0.2 0.33 0.08 4
438.0 0.3 0.274 0.007 | 4 pL__1029.9 05 39 0.57 0.06 3
457.3 0.5 0.067 0015 | 4 1032.6 0.5 : 0.58 0.06
472.89 0.06 36 1.86 0.10 3 1040.7 1.0 0.07 0.04 4
489.9 0.2 0.36 0.36 0.05 4 1060.0 2.0 0.044 0.028 | 4
498.0 1.0 0.16 oo7 | 4 1122.3 0.3 4
505.0 05 0.229 016 | 4 1129.85 0.06 7A 459 0.25 3

Ann.[__ 511.006 109 6 1 1145.0 2.0 0.059 0.015 | 4
546.5 05 0.163 0.023 4 1158.2 05 0.148 0.015 | 4
559.09 0.05 100 74.0 2.0 1 1161.0 2.0 0.163 0.023 | 4
563.20 0.05 12.0 3.6 06 3 1179.0 10 0.08 0.04 4
S714 5 O44 022 4 1193.0 2.0 0.10 0.04 4
598.9 0.2 A} 0.41 0.16 4 pp__1213.1 O41 16.0 17 0.5 3
604.5 0.3 0.22 0.07 4 1216.10 0.05 8.8 0.5
636.0 1.0 0.074 0.022 | 4 1224.8 0.5 0.28 0.10 4
6410 +0 0.44 0.04 4 1228.65 0.06 38 2.09 O11 4
657.02 0.05 23.0 15.9 09 2 1253.0 2.0 0.08 0.08 4
665.1 0.4 14 0.70 0.04 4 1271.0 2.0 0.059 0.022 | 4
681.4 0.2 0.67 0.422 0.025 | 4 1280.0 2.0 0.07 0.08 4
695.9 0.2 1.2 0.49 0.03 4 1288.0 1.0 0.052 0.022 | 4
727.40 0.10 1.0 0.67 0.15 4 1298.0 2.0 0.089 0.015 | 4
730.5 0.2 13 0.58 0.08 4 1300.5 0.8 0.155 0.015 | 4
7403 08 0.16 0.05 z 7308.0 1.0 0.185 0.023 | 4
78 02 414 000514 1315.0 1.0 0.052 0.015 | 4
789.1 0.2 0.83 0.47 0.03 4 1924.0 2.0 0.044 0.022 | 4
797.0 2.0 0.074 0.022 | 4 1372.1 0.2 0.55 0.05 4
303.5 02 076 0.53 0.04 z 1380.53 0.08 43 2.52 0.14 3
a125 05 0.14 0.04 z pL__1429.4 0.2 O64 0.266 0.007 |,
836.4 0.2 45 0.38 0.07 4 1429-1 0.2 0.266 9.007
867.6 0.2 0.64 0.30 0.03 4 1439.4 0.2 14 0.58 9.08 4
62.3 02 0.407 o0o4 14 1454.08 0.10 14 0.80 0.05 4
886.2 0.2 0.333 0.024 | 4 1461.0 2.0 0.13 0.08 4
3970 TO 0170 000314 1471.13 0.07 37 2.31 0.13 4

 

 

 

 

 

 

 

 

 

 

 

 

 

 

 

 

Table of Contents

   
Page -218-

 

GAMMA-RAY ENERGIES AND INTENSITIES (page 2 of 3)

 

 

 

 

 

 

 

 

 

 

 

 

 

 

 

 

 

 

 

 

 

 

 

 

 

 

 

 

 

 

 

 

 

 

 

 

 

 

 

 

 

 

 

 

 

 

 

 

 

 

 

 

 

 

 

 

 

 

 

 

 

 

 

 

 

 

 

 

 

 

 

 

 

 

 

 

 

 

 

 

Nuclide: 76Br E,, oE,, |, ol, - 1998 ENSDF Data Half Life: 16.2(2) hr.
Detector: 2.5 cm2 x 8 mm Ge (Li) Method of Production: Br(y,xn)

E, (keV) oE, \, (rel) ly (%) oly s E, (keV) oE, U, (el) ly (%) oly s
1504.1 05 0.09 0.04 4 2391.25 0.10 9.1 47 0.3 3
1532.0 2.0 0.06 0.04 4 2411.8 2.0 0.06 0.03 4
1538.0 2.0 0.17 0.07 4 2429.0 2.0 0.10 0.04 4
1560.0 05 0.7 0.459 0.025 4 2483.0 12 0.133 0.022 4
1568.47 0.08 16 0.96 0.08 4 2510.79 0.16 3.2 1.95 0.12 4
1611.9 05 0.28 0.06 4 2546.7 2.0 0.006 0.004 4
1642.0 3.0 0.13 0.05 4 2601.25 0.15 12 0.70 0.04 4
1654.7 05 0.118 0.022 4 2627.0 2.0 0.13 0.04 4
1661.0 2.0 0.14 0.05 4 2658.0 2.0 0.13 0.04 4
1672.4 05 0.24 0.07 4 2690.0 15 0.36 0.04 4
1741.9 1.0 0.118 0.015 4 2714.0 3.0 0.074 0.022 4
1769.9 05 0.422 0.014 4 2757.0 3.0 0.074 0.022 4
1769.9 05 0.422 0.017 4 2792.69 0.08 8.9 56 03 2
1787.8 05 Ta 0.57 0.06 4 2837.0 3.0 0.17 0.04 4
1802.0 2.0 0.030 0.015 4 2844.0 3.0 0.15 0.04 4
1815.0 2.0 0.148 0.015 4 2900.50 0.10 0.27 0.10 4
1833.8 0.8 0.19 0.10 4 2950.53 0.06 13.9 74 0.4 1
1853.67 0.05 22.0 147 08 2 29815 3.0 0.09 0.03 q
1868.4 1.0 0.144 0.022 4 2997.34 0.09 3.0 0.96 0.08 3
1883.0 2.0 0.13 0.04 4 3045.0 1.0 0.022 0.007 4
1901.0 2.0 0.12 0.04 4 3064.0 2.0 0.074 0.022 4
1944.2 0.5 0.47 0.08 4 3072.0 3.0 0.044 0.015 4
1956.1 0.5 0.30 0.05 4 3093.2 0.2 16 0.163 0.015 3
1976.0 1.0 0.10 0.08 4 3159.0 0.2 0.148 0.015 4
1991.0 2.0 0.08 0.03 4 3351.8 1.0 0.252 0.023 4
2046.1 1.0 0.178 0.016 4 3370.0 10 0.089 0.015 4
2071.3 15 0.27 0.22 4 3411.3 05 0.289 0.017 4
2082.0 2.0 0.12 0.04 4 3508.0 3.0 0.059 0.022 4
2096.73 0.17 2.0 1.36 0.08 4 3525.2 05 0.178 0.016 4
2111.23 0.17 4.2 2.49 0.14 3 3603.98 0.08 1.55 0.412 1
2127.2 0.8 0.20 0.06 4 3638.7 05 0.148 001s 4

2135.60 0.10 24 0.94 0.08 4
3881.0 3.0 0.015 0.007 4

2170.0 2.0 0.10 0.04 4
3892.0 2.0 0.030 0.015 4

2183.5 1.0 0.13 0.04 4
3913.5 1.0 0.015 0.007 4

2227.7 2.0 0.10 0.06 4
3929.2 07 0.089 0.015 4

2235.0 2.0 0.13 0.06 4
3963.5 1.0 0.022 0.007 4

2299.0 2.0 0.14 0.04 4
3971.0 2.0 0.010 0.004 4

2309.6 1.0 0.10 0.03 4
53380 20 009 0.04 7 4020.3 1.0 0.059 0.015 4
- - - - 4044.0 2.0 0.052 0.015 4

 

 

 

 

 

 

 

 

 

 

 

 

 

 

 

 

Table of Contents

   
Page -219-

 

GAMMA-RAY ENERGIES AND INTENSITIES (page 3 of 3)

 

 

 

 

 

 

 

 

 

 

 

 

 

 

 

 

 

 

Nuclide: 76Br E,, OE, ly, Gly - 1998 ENSDF Data Half Life: 16.2(2) hr.

Detector: 2.5 cm2 x 8 mm Ge (Li) Method of Production: Br(y,xn)
E, (keV) OE, Ly (rel) 14 (%) ly s E, (keV) OE, L, (rel) 14(%) ly s
4044.0 2.0 0.052 0.015 4 4455.0 3.0 0.0067 0.0022 4
4065.0 3.0 0.022 0.007 4 4492.0 3.0 0.0059 0.0022 4
4084.0 3.0 0.015 0.007 4 4600.0 4.0 0.022 0.007 4
4172.0 2.0 0.022 0.007 4
4436.4 1.0 0.052 0.015 1

 

 

 

 

 

 

 

 

   

Table of Contents
