Page -220-
10” 7“Br(57 hr.)

5-14-70
4.55 cm? x 8 mm Ge(Li)
no absorber
unknown source distance

35-77-1
106
87
5
Pb K 3
®Br x-rays o
105 a
<
c
¢
a
=
z wo
8 10:
Q
Oo
=
c
oS
—<
9
vn
= 10°
Ss
°
3°
10?
10'

   

2200 2400 2600 x 3000 3200 3400 3600 3800 4000
Channel Number

Table of Contents

 
Page -221-
7Br(57 hr.) Decay Scheme _ 57 hr.
Q=1365

  

(6/2-), 1230.64

 

 

 

 

 

 

 

 

 

 

 

 

 

 

 

 

 

 

 

 

 

 

 

 

 

 

 

 

 

 

 

 

 

 

 

 

 

 

 

 

 

 

 

 

a SID
Table of Contents 4s
Page -222-

 

GAMMA-RAY ENERGIES AND INTENSITIES

 

 

 

 

 

 

 

 

 

 

 

 

 

 

 

 

 

 

 

 

 

 

 

 

 

 

 

 

 

 

 

 

 

 

 

 

 

 

 

 

 

 

 

 

 

 

 

 

 

 

 

 

 

 

 

 

 

 

 

 

 

 

 

 

 

 

 

 

 

 

 

 

 

Nuclide: 77Br Ey» Ey, ly, Gly - 1998 ENSDF Data Half Life: 57.036(6) hr.
Detector: 4.55 cm2 x 8 mm Ge (Li) Method of Production: Se(p,n)

E, (keV) OE, \, (rel) ly (%) oly S E, (keV) oE, I, (rel) ly (%) oly s
13.4 0.0 4 472.03 0.23 0.0079 0.0021 4
80.90 0.10 0.021 0.007 4 484.57 0.07 42 1.00 0.03 2
87.59 0.07 a7 1.40 0.04 2 504.53 0.23 0.0090 0.0019 | 4
125.57 0.08 0.0092 0.0012 | 4 Ann.[__511.006 1.47 0.08 2
138.95 0.09 0.49 0.129 0.005 4 517.9 04 0.16 0.05 4
141.1 0.3 0.0025 0.0007 4 520.69 0.06 100 22.4 0.6 1
144.50 0.10 0.0058 0.0012 | 4 523.4 02 0.039 0.007 4
161.83 0.08 4.2 1.10 0.03 2 565.91 0.19 2.3 0.427 0.017 4
780.68 0.07 0.96 0.284 0.009 3 567.90 0.08 50 0.857 0.026 2
187.26 0.08 0.33 0.058 0.003 4 574.64 0.08 33 1.19 0.03 2
189.57 0.21 0.0023 0.0012 | 4 578.91 0.07 12.0 296 0.09 2
200.40 0.07 45 121 0.05 2 585.48 0.07 69 157 0.05 2
231.49 0.13 0.15 0.062 0.005 4 610.39 0.08 0.0215 0.0021 4
238.98 0.07 87.0 23.4 0.5 1 662.43 0.09 0.49 0.081 0.003 3
243.35 0.08 0.30 0.037 0.005 4 704.09 0.12 0.0159 0.0019 | 4
249.77 0.07 11.0 2.98 0.09 2 749.55 0.10 0.030 0.003 4
270.83 0.07 1.2 0.321 0.014 4 755.35 0.07 6.9 1.67 0.05 1
277.47 0.15 0.0323 0.0024 4 766.11 0.08 0.19 0.0416 0.0025 4
281.65 0.07 8.6 2.29 0.07 3 791.26 0.11 0.0092 0.0021 4
297.23 0.08 16.0 4.16 0.21 2 817.79 0.06 08 208 0.06 7
308.76 0.08 47 1.18 9.08 3 824.28 0.12 057 | 0.0132 0.0014 | 3

325.08 0.17 0.023 0.005 4
885.71 0.10 0.0083 0.0009 | 4

331.23 0.09 0.21 0.067 0.007 4
911.36 0.26 0.0025 0.0005 | 4

342.08 0.24 0.0062 0.0012 (| 4
929.38 0.32 0.0028 0.0009 [4

378.45 0.09 0.060 0.005
D 0.31 4 947.5 04 0.0007 0.0002 | 4
378.45 0.09 0.009 0.007

980.81 0.37 0.0037 0.0007 | 4

384.99 0.08 34 0.84 0.03 3
390-57 on as 00g 7 991.72 0.20 0.06 0.0222 0.0013 3
405.87 0.22 0.0074 0.0014 | 4 1005.05 0.06 4 0.92 9.03 1
419.15 0.19 0.0164 0.0021 4 1186.8 0.3 0.0016 0.0005 4
424.22 0.15 0.0279 0.0024 | 4 1230.5 0.2 0.0009 0.0002 | 4

439.47 0.06 7.0 156 0.05 2

 

 

 

 

 

 

 

 

Table of Contents

   
