Page -113-
108 56Co(77 day)

10-22-71
55 om? coaxial Ge(Li)
no absorber
25cm

511-Ann.Rad. 27-56-1

10”

10°

10°

10*

Counts/Channel/Second

10°

10?

10°

 

0 200 400 600 800 1000 1200 1400 1600 1800 2000
2000 2200 2400 2600 2800 3000 3200 3400 3600 3800 4000
Channel Number

   

Table of Contents
Page -114-

56Co(77 day) Decay Scheme

4566 ff 57 Co

Q=

 

9r8

69EE

3eFe

stable

 

Table of Contents

a
Page -115-

 

GAMMA-RAY ENERGIES AND INTENSITIES

 

 

 

 

 

 

 

 

 

 

 

 

 

 

 

 

 

 

 

 

 

 

 

 

 

 

 

 

 

 

 

 

 

 

 

 

 

 

 

 

 

 

 

 

 

 

 

 

 

Nuclide: 5>Co E, oE,, ls ol, - 1998 ENSDF Data Half Life: 77.27(3) day
Detector: 55 cm coaxial Ge (Li) Method of Production: 56Fe(p,n)
E, (keV) OE, L, (rel) ly (%) oly s E, (keV) OEY A) ly (%) oly S
263.41 0.1 0.022 0.004 4 1462.34 0.12 0.07 0.084 0.006 4
411.38 0.08 0.025 0.005 4 1640.404 0.021 0.108 0.069 0.07 4
486.54 0.11 0.04 0.061 0.01 4 1771.351 0.016 15.45 15.48 0.05 1
Ann.| 511.006 37.6 18 i 810.772 0.017 0.762 0.657 0.07 3
655 0.038 0.008 4 1963.714 0.012 0.71 0.706 0.01 3
674.7 0.038 0.007 4 2015.181 0.016 2.97 3.029 0.013 2
resort oe oe oe i 2034.755 | 0.013 | 7.71 7.77 003. | 1
: : - - - 2113.123 0.07 0.37 0.366 0.006 3
846.771 0.004 100 100 3 1 212.983 0.018 0.38 0.39 0.007 | 4
852.78 0.05 0.05 0.003 4 2276.36 0.16 0.10 0.126 0.007 4
896.531 0.012 0.08 0.095 0.017 4 2373.7 04 0.07 0.083 0.011 a
977.373 0.004 14 1.43 0.014 3 3503.86 02 0.068 0.01 a
997.38 0.16 0.129 6.014 | 4 2598.459 | 0.013 | 162 | 1696 0.06 | 1
1037.84 0.006 14.55 14.13 0.05 1 26574 08 0.021 0.006 4
088.05 oh = p05. 0.008 4 3009.596 0.007 T.19 0.954 0.021 3
140. 1.021 ; ; .
1159.92 0.018 0.12 0.095 0.013 4 $201 962 0.016 2.96 3.18 0.09 1
1175.102 0.006 2.32 2.238 0.011 2 3253.416 0.015 7.20 7.62 0.24 1
1198.78 02 0.05 0.051 0.009 4 3272.99 0.015 1.73 1.78 0.06 1
1238.282 0.007 67.2 66.07 0.19 1 3369.69 0.3 0.04 0.014 0.002 [4
1272.2 06 0.03 0.025 0.008 4 3451.152 0.017 | 0.836 0.93 0.04 1
1335.389 0.02 0.12 0.129 0.006 4 3547.93 0.06 0.17 0.178 0.009 1
1360.215 0.012 4.32 4.255 0.015 2 3600.7 0.4 0.015 0.0165 0.0007 3
1442.75 0.08 0.172 0.172 0.007 4 3611.8 08 0.009 | 0.0085 0.0004 4

 

 

 

 

 

 

 

 

 

 

 

 

 

 

 

 

Table of Contents

   
