Page -136-
10° *'Cu(3.3 hr.)

9-18-66
2.5 cm? x 4 mm Ge(Li)
0.5 gicm? poly
3cm
29-61-1

104

511-Ann.Rad.

10

10?

Counts/Channel/Second

908+sum
(262+565)

10°

 

10°
0 100 200 300 400 500 600 700 800 900 1000

Channel Number

   

Table of Contents
Page -137-

 

*'1Cu (3.3 hr.) Decay Scheme GAMMA-RAY ENERGIES AND INTENSITIES
3.3 hr.

 

Nuclide: §1Cu Half Life: 3.333(5) hr.
Detector: 2.5 cm2 x 4 mm Ge (Li) Method of Production: 63Cu(y,2n )

 

 

 

 

 

 

 

 

 

 

 

 

 

 

 

 

 

 

 

 

 

 

 

 

 

 

 

 

 

 

 

 

 

 

 

 

 

 

 

E, (keV) GE, |, (rel) 1 (%) ol, s
67.412 0.003 6.2 4.2 0.8 2
117.5 0.010 0.006 4
215.55 0.18 0.022 0.008 4
282.956 0.002 9.2 12.2 2.2 1
373.050 0.005 2.35 21 0.4 3
Ann. 511.006 100 121 12 1
529.169 0.022 0.38 0.07 4
545. 5. 0.0059 0.0011 4
588.605 0.009 1.7 0.21 4
625.605 0.024 0.040 0.008 4
656.008 0.004 7.0 10.8 2.0 1
701.1 0.3 4
816.692 0.013 0.31 0.06 4
841.211 0.017 0.21 0.04 4
902.294 0.020 0.083 0.016 4
908.631 0.017 1.10 0.20 4
947.4 0.4 0.010 0.005 4
1014.8 0.010 0.004 4
1032.162 0.027 0.042 0.008 4
1064.896 0.020 0.048 0.009 4
1073.465 0.025 0.033 0.007 4
1099.560 0.019 0.25 0.04 4
1117.82 0.04 0.032 0.007 4
1132.35 0.03 0.090 0.017 4
1185.234 0.015 3.12 3.7 0.7 2
1446.492 0.019 0.045 0.009 4
1542.204 0.023 0.026 0.005 4
1609.62 0.05 0.021 0.004 4
1662.000 0.019 0.053 0.010 4
1729.473 0.018 0.054 0.010 4
1997.7 0.9 0.0039 0.0007 4
2120. 0.0098 0.0018 4
2124. 0.041 0.008 4

 

 

 

 

 

 

 

 

Ey oE,, ls oly - 1998 ENSDF Data

Table of Contents

   
