Page -661-

\7
10 = 165Dy(2.3 hr.)
Oss ——94 8-1-69
ree 4.55 cm? x 8 mm Ge(Li)
1 gicm? poly
10cm
66-165-1
106
£
S
a
£
108 10; 3
eee
s:
wo
3 A
8
oO 4
8 10)
Oo
¢
<
oS
—<
9
2 10
3
3
oO

10?

10°

   

2200 2400 2600 2800 3000 3200 3400 3600 3800 4000
Channel Number

 

Table of Contents
Page -662-

16Dy(2.3 hr.) Decay Scheme

2.3 hr.

7/2+

  

1286.1

Q=

"Dy

   

0,

0,

 

‘0,

       

           

0,

 

 

Table of Contents
Page -663-

 

GAMMA-RAY ENERGIES AND INTENSITIES

 

 

 

 

 

 

 

 

 

 

 

 

 

 

 

 

 

 

 

 

 

 

 

 

 

 

 

 

 

 

 

 

 

 

 

 

 

 

 

 

 

 

 

 

 

 

 

 

 

 

 

 

 

 

 

 

 

 

Nuclide: 1®5Dy Ey, OE,, ly, Gly - 1998 ENSDF Data Half Life: 2.334(1) hr.
Detector: 4.55 cm? x 8 mm Ge (Li) Method of Production: 164Dy(n,¥)
E, (keV) oE, L(rel) 14 (%) oly s E, (keV) oF, Le!) 1, (%) oly s
29.715 0.003 0.0042 0.0021 | 4 489.90 0.10 0.07 | 0.0034 0.0005 | 4
57.864 0.005 0.0139 0.0025 | 4 504.10 0.15 0.0011 0.0003_| 4
67.712 0.004 0.014 0.007_| 4 512.57 0.25 0.0032 0.0007 | 4
71.502 0.010 0.0024 0.0004 | 4 515.467 0.025 145 0.038 0.004 | 3
87.585 0.004 121 0.0143 0.0020 | 4 540.52 0.05 O41 0.0056 0.0008 | 4
89.753 0.008 0.0029 0.0006 | 4 545.834 0.020 | 5.05 | 0.162 0.016 | 1
94.700 0.003 | 100. 3.6 04 1 p|_505.718 0.020 | 5g, |_0.192 0.013 |
95.931 0.004 0.0009 0.0002 | 4 565.718 0.020 , 0.132 0.013
98.80 0.15 0.0008 0.0002 4 575.558 0.020 2.48 0.079 0.008 2
109.59 0.03 0.0006 0.0002 | 4 588.56 0.05 0.175 | 0.0033 0.0005 | 4
115.104 0.010 0.63 0.0071 0.0008 4 610.29 0.05 0.219 0.0053 0.0007 4
119.47 0.03 0.52 | 0.0071 0.0008 | 4 620.635 0.020 | 289 | 0.097 0.010 14
129.39 0.03 0.0005 0.0002 | 4 633.415 0.020 117.4 057 0.06 1
140.544 0.020 14 0.0021 0.0003 | 4 560.08 008 aa) 0.0286 0.0029 |) a
153.803 0.006 0.56 | 0.0057 0.0007 | 4 s04.08 004 040 1 oe 0.0013 1 3
170.22 0.03 0.34__| 0.0030 0.0004_| 4 7715308 3000) 163 053 005 7
174.96 0.08 9.0011 9.0003 | 4 725.39 0.03 048 | 0.0140 | 0.0020 | 3
209.70 0.25 9.0010 0.0005 | 4 820.106 0.025 0.26 | 0.0081 0.0010 | 4
228.3 0.3 9.0004 0.0003__| 4 900.41 0.05 0.16 | 0.0025 0.0003_| 4
259.53 0.05 052 | 0.0146 0.0016 | 4 674 020 0.0002 7
266.80 0.15 0.09 | 0.0011 0.0004 | 4 984.92 0.04 0.18 | 0.0064 0.0007 | 3
279.763 0.012 | 152 0.50 0.05 | 1 995.089 0.025 | 171 | 0.0551 | 0.0055 | 1
356.90 0.25 9.0008 0.0004 | 4 1045.60 0.15 0.0005 0.0001 | 4
361.680 | 0.020 | 26.2 | 0.64 0.09 | 4 1055.76 0.03 | 093 | 0.031 0.003 | 1
405.25 0.03 0.49 | 0.0107 0.0011 | 4 7079 63 6.03 276 170.092 0.009 Pa
456.098 0.025 151 0.042 0.005 | 3 1091.91 0.08 0.037 | 0.0010 0.0001 | 4
47241 0.16 9.0014 0.0003 | 4 1140.36 0.05 0.044 | 0.0013 0.0002 | 4
479.622 0.025 1.40 0.044 9.005 | 3 1186.56 0.10 0.014 | 0.0005 0.0001 | 4

 

 

 

 

 

 

 

 

 

 

 

 

 

 

 

 

Table of Contents

   
