Page -671-

 

 

10° ™Er(7.5 hr.)
4-17-70
4.55 cm? x 8 mm Ge(Li)
1 gicm? Poly
20cm
68-171-1
105
10
Ts
<7
8
3
8 10)
Oo
=
c
oO
co
9
2 102
Ss
°
°
10'
10°
107
200 400 oU0 600 TUUU TZU0 T1400
1600 1800 2000 2200 2400 2600 2800 3000

Channel Number

   

Table of Contents
Er(7.5 hr.) Decay Scheme

Q=1490.5

\

   

7.5 hr.
“Er

Page -672-

1391.10

3/2-,5/2,7/2

 

1285.00

      

 

5.0
1.9 yr.

 

 

 

 

 

 

  

“Tm

Table of Contents

 

 

 

 

 

2.3% {
EB
Page -673-

 

GAMMA-RAY ENERGIES AND INTENSITIES

 

 

 

 

 

 

 

 

 

 

 

 

 

 

 

 

 

 

 

 

 

 

 

 

 

 

 

 

 

 

 

 

 

 

 

 

 

 

 

 

 

 

 

 

 

 

 

 

 

 

 

 

 

 

 

 

 

 

 

 

 

 

 

 

 

 

 

 

 

 

Nuclide: 171Er Ey, OE,, ly, Gly - 1998 ENSDF Data Half Life: 7.516(2) hr.
Detector: 4.55 cm? x 8 mm Ge (Li) Method of Production: 170Er(n,y)
E, (keV) oE, I, (rel) 1, (%6) oly s E, (keV) oE, I, (rel) 1, (06) oly s
5.025 0.006 4 630.70 0.20 0.0050 0.0010 | 4
12.385 0.008 0.0305 0.0020 | 4 pL_870.70 0.20 042 0.252 0.009 3
85.60 0.10 0.060 0.004 4 671.70 0.20 : 0.022 0.005
111.621 0.004 | 30.44 20.5 1.0 1 676.1 0.3 0.47 0.285
116.656 0.006 3.55 2.30 0.09 3 693.9 0.5 0.0150
124.017 0.004 14.39 9.1 0.4 1 705.8 0.2 0.012
166.4 03 4 732.5 0.3 0.18 0.098
175.63 0.04 0.09 0.089 0.009 4 745.0 0.5 0.0066
197.70 0.20 0.027 0.005 4 767.80 0.20 0.0045
pL 210.10 0.20 12 0.0070 0.0002 | 784.09 0.17 0.37 0.2400
210.60 0.03 : 0.642 0.027 796.55 0.13 1.09 0.640
237.14 0.04 0.56 0.302 0.014 3 860.00 0.20 0.0015
261.40 0.20 0.0200 0.0006 | 4 869.7 0.3 0.14 0.055
277.43 0.05 0.99 0.580 0.026 3 871.50 0.20 0.020
286.50 0.20 0.0080 0.0002 | 4 882.0 0.4 0.08 0.0385
295.901 0.014 45.7 28.9 1.2 1 907.7 0.4 1.06 0.635
308.291 0.018 100. 64.4 25 1 912.6 0.5 0.15 0.077
362.91 0.14 0.0197 0.0012 | 4 966.1 0.4 0.0264
371.96 0.09 0.37 0.257 0.013 3 976.2 0.5 0.0007
419.9 0.3 0.51 0.083 0.005 3 994.0 0.5 0.0006
424.9 05 0.06 0.0224 0.0024 | 4 1051.0 0.5 0.0004
455.60 0.20 0.0060 0.0020. | 4 1096.9 0.8 0.0011
487.90 0.20 0.0050 0.0020. | 4 1109.0 0.5 0.0068
495.40 0.20 0.0020 0.0010 | 4 1156.0 0.5 0.0006
506.9 0.6 0.0227 0.0021 4 1168.4 0.5 0.0018
519.2 06 0.0177 0.0017 | 4 1172.9 0.5 0.0008
547.8 0.5 0.017 0.004 4 1182.0 0.5 0.0003
559.5 0.4 0.0466 0.0024 | 4 1220.5 0.8 0.0028
573.50 0.20 0.0098 0.0015 | 4 1271.2 0.5 0.0003
586.00 0.20 0.0040 0.0020 | 4 1279.9 0.5 0.0025
pL__608.60 0.20 013 0.0370 0.0011 4 1284.4 0.5 0.0024
609.00 0.20 : 0.0200 0.0006 1395.5 0.5 0.0028
621.03 0.23 0.15 0.089 0.004 4 1400.5 0.5 0.0025

 

 

 

 

 

 

 

 

 

 

 

 

 

 

 

 

Table of Contents

  
