82Eu(13 yr.)

-624-

Page
107

2-13-73
65 om? coaxial Ge(Li)

1.25 gicm? Be
5cm
63-152-1

10°

106

2sSi9gs

OfE/62

10*

Tih Tedoreouk

S801/r80L

196/896

2 o
° °
= =

puosas/jeuueyo/s}unog

10°

10°

  

107

 

Channel Number

 

z
2
=
eo
2
=
3
Oo
Sm)
3
2
S
e

 
Page -625-
182Fu(13 yr.) Decay Scheme
gamma-rays emitted from high energy levels 13 yr.

 

 

 

   

 

 

  

1643.41
1605.60

 

 

 

 

 

 

 

 

 

 

 

 

 

 

 

 

 

 

 

 

 

 

 

 

 

 

 

 

 

 

 

 

 

 

 

yz i SI
BR Table of Contents 4s
Page -626-
182Fu(13 yr.) Decay Scheme

gamma-rays emitted from low energy levels 1 3 yr.

Q=1874.34 152 Q=1818.8
EC=71.88% esEU 8-=27.86%

   
  

nN

v

 

1
93
oO

0+
stable 132Sm é 1Gd 1.08x10"* yr.

oa — i SI
BR Table of Contents 4s

 
Page -627-

 

GAMMA-RAY ENERGIES AND INTENSITIES (page 1 of 3)

 

 

 

 

 

 

 

 

 

 

 

 

 

 

 

 

 

 

 

 

 

 

 

 

 

 

 

 

 

 

 

 

 

 

 

 

 

 

 

 

 

 

 

 

 

 

 

 

 

 

 

 

 

 

 

 

 

 

 

 

 

 

 

 

 

 

 

 

 

 

 

 

 

 

 

 

 

Nuclide: 152Eu Ey, OE,, ly Gly - 1998 ENSDF Data Half Life: 13.537(6) yr.
Detector: 65 cm? coaxial Ge (Li) Method of Production: 151Eu(n,¥)
E, (keV) oE, \ (rel) ly (%) oly s E, (keV) oE, \ (rel) ly (%) oly s
121.782 100. 39.76 0.12 1 379.37 0.06 0.0012 0.0003 | 4
125.69 0.13 0.022 0.007 4 385.69 0.20 0.0071 0.0011 4
148.010 0.017 0.06 0.052 0.006 4 p|__387.90 0.08 0.0041 0.0003 |,
173.17 0.15 0.029 0.010 4 387.90 0.08 0.0105 0.0008
175.18 0.0056 0.0015 4 389.07 0.11 0.0048 0.0019 | 4
192.60 0.04 0.0244 0.0008 4 391.32 0.14 0.0018 0.0003 | 4
195.05 0.24 0.022 0.005 4 395.75 0.19 0.011 0.004 4
202.74 0.13 0.0071 0.0015 4 406.74 0.15 0.0012 0.0003 | 4
207.6 0.3 0.0082 0.0009 4 411.116 0.001 8.42 8.019 0.018 2
209.1 4 416.048 0.008 0.44 0.1531 0.0026 | 4
209.41 0.13 0.0196 0.0017 4 423.45 0.04 0.0045 0.0009 | 4
212.568 0.015 0.25 0.0276 0.0007 4 440.86 0.10 0.0186 0.0022 | 4
237.31 0.05 0.0130 0.0019 4 440.86 0.10 0.048 0.006 4
239.42 0.17 0.0063 0.0026 4 441.0 4
244.697 0.001 27.9 10.55 0.03 1 p__443.965 0.003 11.40 0.454 0.026 1
251.630 0.007 0.29 0.100 0.004 4 443.965 0.003 : 3.925 0.027
269.86 0.06 0.0115 0.0011 4 482.31 0.03 0.0050 0.0022
271.131 0.008 0.31 0.262 0.008 4 Di 482.31 0.03 0.11 0.041 0.003 4
275.449 0.015 0.12 0.046 0.003 4 482.43
285.98 0.03 0.0138 0.0011 4 488.679 0.002 1.54 0.5828 0.0046 3
295.939 0.002 1.67 0.622 0.007 3 pL_ 493.508 0.020 025 0.035 0.004 4
pL__318.174 0.017 019 0.182 0.005 4 493.508 0.020 0.041 0.003
316.20 0.20 0.0030 0.0019 496.39 0.03 0.0071 0.0011 4
320.03 0.15 0.0022 0.0007 4 496.39 0.03 0.0152 0.0015 | 4
324.83 0.03 0.33 0.259 0.012 4 503.474 0.005 0.59 0.533 0.029 4
pL_ 329.425 0.021 0.40 0.179 0.014 4 511.006 0.028 4
330.540 0.100 0.0082 0.0022 520.227 0.005 0.22 0.187 0.014 4
340.40 0.14 0.051 0.004 4 523.13 0.05 0.0209 0.0022 | 4
344.279 0.001 97.9 95.2 15 1 526.881 0.020 0.0471 0.0023 | 4
351.66 0.04 0.033 0.005 4 534.245 0.007 0.25 0.153 0.004 4
357.26 0.05 0.0056 0.0011 4 536.23 4
358.13 4 538.29 0.06 0.0054 0.0008 | 4
367.789 0.002 3.30 3.089 0.018 3

 

 

 

 

 

 

 

 

Table of Contents

   
Page -628-

 

GAMMA-RAY ENERGIES AND INTENSITIES (page 2 of 3)

 

 

 

 

 

 

 

 

 

 

 

 

 

 

 

 

 

 

 

 

 

 

 

 

 

 

 

 

 

 

 

 

 

 

 

 

 

 

 

 

 

 

 

 

 

 

 

 

 

 

 

 

 

 

 

 

 

 

 

 

 

 

 

 

 

 

 

 

 

 

 

Nuclide: 152Eu Ey, OE,, ly, Gly - 1998 ENSDF Data Half Life: 13.537(6) yr.
Detector: 65 cm? coaxial Ge (Li) Method of Production: 151Eu(n,y)
E, (keV) OE, 1, (rel) 1 (%6) oly s E, (keV) OE, 1, (rel) 1, (06) oly s
pL__586:56 0.03 0.08 0.0257 o.oo19 |, 778.904 0.002 48.0 46.45 0.09 1
557.91 0.17 0.016 0.007 794.81 0.03 0.18 0.094 0.008 4
561.2 05 0.0015 0.0003 | 4 805.70 0.07 0.0171 0.0015 | 4
562.930 0.020 0.0037 0.0019 | 4 810.451 0.005 1.08 0.445 0.004 3
563.990 0.007 1.91 0.681 0.009 3 839.36 0.04 0.0223 0.0015 | 4
566.439 0.005 0.55 0.1795 0.0026 | 4 841.570 0.005 0.80 0.231 0.003 4
571.83 0.08 0.0067 0.0011 | 4 867.373, 0.003 155 5.906 0.029 1
586.265 0.002 1.99 1.649 0.019 3 396.58 0.09 0.093 0.003 4
595.61 0.12 0.045 0.015 4 901.181 0.011 0.43 0.120 0.006 4
615.40 0.10 4 906.01 0.06 0.0227 0.0022 | 4
616.05 0.03 0.0127 0.0011 | 4 919.330 0.003 1.85 0.594 0.008 3
644.37 0.05 0.0086 0.0011 | 4 926.317 0.015 1.44 0.386 0.007 3
656.487 0.005 0.76 0.2015 0.0026 | 4 930.580 0.015 0.49 0.262 0.007 4
664.78 0.05 0.023 0.003 4 937.05 0.15 0.012 0.005 4
671.155 0.017 0.0272 0.0022 | 4 958.63 0.05 0.030 0.003 4
pL 874.675 0.003 ost 0.0609 0.006 4 pL 268.390 0.012 53.5 0.188 0.004 1
674.675 0.003 0.240 0.006 964.079 0.018 ” 20.32 0.05
678.623 0.005 1.94 1.692 0.015 3 968.0 0.005 0.003 4
683.32 0.14 0.0045 0.0011 4 974.09 0.04 0.0505 0.0029 4
686.61 0.05 0.0268 0.0022 4 990.19 0.03 (0.30) 0.112 0.005 4
688.670 0.005 3.24 1.192 0.012 3 1001.4 03 0.0063 0.0011 4
696.87 0.19 0.022 0.011 4 1005.272 0.017 3.10 0.898 0.007 3
702.96 4 1084.0 1.0 0.343 0.011
703.25 0.06 0.0087 0.0019 | 4 Ol 085 B69 0.024 | 38:85 [4420 0.04 1
703.25 0.06 0.0124 0.0029 1089.737 0.005 6.82 6.200 0.024 2
712.843 0.006 0.43 0.333 0.029 4 1109.174 0.012 0.666 0.029 4
pL_ 219.349 9.004 1.35 0.082 oon | 4 1112.069 | 0.003 | 49.75 | 18.98 0.05 | 4
719.349 9.004 0.887 0.011 1139.0 1.0 0.0018 | 0.0001 | 4
727.99 0.14 0.0156 0.0011 4 1170.93 On 0.051 0.004 4
735.40 0.10 0.0082 0.0015 | 4 120611 016 0.050 0.004 4
756.12 0.09 4 1212.948 0.011 5.75 1.978 0.010 2
764.900 9.009 0.98 O77 0.08 4 1249.938 0.018 1.05 0.262 0.005 | 3
768.944 0.009 0.45 0.130 0.006 4 1061343 0.023 0.120 0.008 4

 

 

 

 

 

 

 

 

 

 

 

 

 

 

 

 

Table of Contents

   
Page -629-
GAMMA-RAY ENERGIES AND INTENSITIES (page 3 of 3)

 

 

 

 

 

 

 

 

 

 

 

 

 

 

 

 

 

 

 

 

Nuclide: 152Eu E,, OE, ly, oly - 1998 ENSDF Data Half Life: 13.537(6) yr.
Detector: 65 cm? coaxial Ge (Li) Method of Production: 151Eu(n,7)

E, (keV) oe, Ly (rel) Ly (%6) oly s E, (keV) oe, 1, (rel) 1 (%) oly s

1292.778 0.019 0.48 0.146 0.008 3 1485.9 0.3 0.008 0.003 4

1299.140 0.009 6.15 5.826 0.029 1 1528.103 0.018 1.00 0.391 0.006 1

1314.70 0.20 0.018 0.004 4 1605.61 0.07 0.03 0.0293 0.0017 4

1315.31 0.23 0.0101 0.0022 4 1608.36 0.08 0.02 0.0074 0.0005 4

1348.10 0.07 0.10 0.064 0.004 4 1635.2 0.5 0.0002 0.0001 4

1363.77 0.05 0.10 0.0358 0.0015 4 1647.41 0.14 0.03 0.0088 0.0008 4

1390.36 0.16 0.0067 0.0011 4 1674.30 0.06 0.0086 0.0011 4

1408.006 0.003 78.10 29.22 0.07 1 1698.1 0.4 0.0082 0.0026 4

1457.643 0.011 1.78 0.698 0.006 1 1769.09 0.05 0.04 0.0133 0.0005 4

 

 

 

 

 

 

 

 

 

 

 

 

 

 

 

 

Table of Contents

   
Page -621-
10° 182mFu(9.3 hr.)

4-26-73
65 cm coaxial Ge(Li)
1.26 gicm? Be
20cm
63-152m-1

108

104

I
Lit
562!
699/700
703

511-Ann.Rad.

443

- 688
810
825/8;

o
4

108

Counts/Channel/Second

10?

10°

 

10°
0 400 800 1200 1600 2000 2400 2800 3200 3600 4000

Channel Number

Table of Contents

   
Page -622-
152mEy(9.3 hr.) Decay Scheme 9.3 hr.

 

1(-) 1680.57. | 0.1688% 0.049% 1- 1756.0

1 1510 |
} 1.59% | \\ 4. 1314.65
O+ 1082.85 HI 1 0.213%
| oxzax|
1 963.354I1 1 25.8%
| 0.007%
oy
©
oO
r

 

 

 

   

 

 

 

 

 

 

 

 

 

 

 

+870:
+700:
+272:

 

 

noc
|

684.70

995:
+826:

 

 

 

 

 

 

 

 

 

 

 

 

 

1314
344

 

2 — a A
te 15 152 rr
“ 2aGd 1.0x10"4 yr.

ep eo
GN | Table of Contents | v=
A .

 
Page -623-

 

GAMMA-RAY ENERGIES AND INTENSITIES

 

 

 

 

 

 

 

 

 

 

 

 

 

 

 

 

 

 

 

 

 

 

 

 

 

 

 

 

 

 

 

 

 

 

 

 

 

 

 

 

 

 

 

 

 

 

 

 

 

 

 

 

 

 

 

 

 

 

 

 

 

 

 

 

 

 

 

 

 

 

 

 

 

 

 

 

Nuclide: 152™Eu Ey, OE,, ly, Gly - 1998 ENSDF Data Half Life: 9.3116(1) hr.
Detector: 65 cm? coaxial Ge (Li) Method of Production: 151Eu(n,y)

E, (keV) oEy Ly (rel) ly (%) oly Ss E, (keV) oEy 1, (rel) ly (%) oly s
117.3 03 0.0768 0.0026 | 4 778.904 0.0018 0.0009 | 4
121.777 0.005 50.66 25.9 0.9 1 796.1 0.3 0.013 0.005 4
152.9 03 0.0053 0.0016 | 4 810.47 0.08 0.34 0.092 0.005 4
160.0 05 0.0026 0.0016 | 4 pL_ 825.5 0.3 0.23 0.0007 0.0004 | 4

191.6 03 0.0007 0.0004) 4 826.01 0.07 0.0026 0.0016
218.1 0.3 0.0002 0.0001 4 841.594 0.008 100. 52.5 14 1
220.8 03 0.0005 0.0005 | 4 845.4 05 0.0089 0.0019 | 4
244.700 0.010 0.37 0.0919 0.0027 | 4 870.13 0.05 0.80 0.326 0.009 3
256.99 0.22 0.0037 0.0016 | 4 915.7 0.4 0.087 0.005 4
266.91 0.22 0.0011 0.0006 | 4 961.06 0.22 0.74 0.04 4
pL__271.06 0.01 0.669 0.074 0.011 4 963.390 0.012 82.4 43.2 0.9 1
cea oot 9.087 0.004 z 970.350 0.009 4.60 0.59 0.09 1
3 : 995.870 0.00 051 0.262 0.007 3
340-4 0.8 0.018 0.007 _| 4 1039.2 05 0.030 0.006 | 4
344.31 0.03 17.36 2.4 0.4 1 1082.8 05 4
387.8 0.3 0.0026 0.0016 4 7109.174 0.00028 0.00014 [4
398.00 0.15 4 1116.0 1.0 0.0070 0.0006 4
412.0 03 0.0007 0.0004 [4 11375 03 0.05 0.03 4
443.96 0.04 0.21 0.091 0.004 4 1168.16 019 0.022 0.005 4
Ann.{ 511.006 0.014 4 1207.3 0.6 0.010 0.004 4
Pas oo = 0.084 0.004 4 1290.0 05 0.0033 0.0003 4
586.265 0.003 0.0126 0.0019 | 4 1814.67 0.01 6.67 0.98 O14 1
6050 05 0015 3.006 4 1389.000 0.010 5.74 2.77 0.10 1
632.8 03 00011 0.00071 4 1406.5 05 0.0026 0.0016 | 4
6469 03 0.0007 0.00041 4 1411.70 0.03 0.35 0.044 0.007 2
684.85 020 4 1420.0 1.0 0.0021 0.0016 | 4
688.69 0.05 0.62 0.240 0.009 4 1460.64 0.13 9.0016 0.0004 | 4
5698.27 0.04 oad 0.070 O01 i 1510.83 0.05 0.075 | 0.0236 0.0016 | 3
7003 03 . 0.039 0.007 1558.73, 0.03 0.060 | 0.0289 0.0017__| 3
pl 703.54 0.05 O73 0.066 0.010 ri 1680.52 0.05 0.04 0.0194 0.0011 3
703.7 03 . 0.0026 0.0016 1755.94 0.06 0.0026 0.0002 | 4

764.9 0.0004 0.0003 | 4

 

 

 

 

 

 

 

 

Table of Contents

   
