Page -162-

106 ®Ga(9.4 hr.)
511-Ann.Rad. 2-15-72
45 cm? x coaxial Ge(Li)
1.2 gicm? Be
18cm

31-66-1

106

& 2189
10 — 9-9
=8 =: +E SE ——a
aes: NS os
87 N Qn
a 3. a

3 =

<7

3

® 103

8 0

oO

=

c

o

=

9

G

= 10?

Ss

°

oO

10°

10°

   

2200 2400 2600 2800 3000 3200 3400 3600 3800 4000

Channel Number

 

Table of Contents
Page -163-

9.4 hr.

*Ga(9.4 hr.) Decay Scheme

   

7 n

Table of Contents
Page -164-

 

GAMMA-RAY ENERGIES AND INTENSITIES

 

 

 

 

 

 

 

 

 

 

 

 

 

 

 

 

 

 

 

 

 

 

 

 

 

 

 

 

 

 

 

 

 

 

 

 

 

 

 

 

 

 

 

 

 

 

 

 

 

 

 

 

 

 

 

 

 

 

 

 

 

 

 

 

 

 

 

 

Nuclide: 66 Ga Ey, GEy, ly Gly - 1998 ENSDF Data Half Life: 9.49(7) hr.
Detector: 45 cm coaxial Ge (Li) Method of Production: 66Zn(p,n)
E, (keV) oE, 1, (rel) 1, (%) oly s E, (keV) oE, ly (rel) 1, (%) oly s
171.90 0.20 0.0104 0.0005 | 4 pL_2173.80 0.20 0.23 0.115 0.003 4
290.10 0.10 0.052 0.004 4 2174.00 0.15 : 0.115 0.003
410.30 0.10 0.089 0.022 4 2189.85 0.06 15.4 5.60 0.18 2
448.90 0.10 0.34 0.107 0.005 4 2213.75 0.15 0.38 0.136 0.006 4
459.80 0.10 0.30 0.089 0.004 4 2292.60 0.15 0.041 0.004 4
Ann.[__511.006 Ti 3 7 2393.10 0.15 0.246 0.009 4
578.70 0.10 0.17 0.059 0.004 4 2422.75 0.06 53 1.94 0.06 3
686.22 0.06 0.80 0.255 0.011 4 2492.50 0.15 0.0237 0.0023 4
833.46 0.04 18.1 5.89 0.19 2 2589.00 0.15 0.0278 0.0027 | 4
853.08 0.08 0.0740 0.0029 | 4 2751.92 0.06 63.0 23.4 0.7 1
856.70 0.10 16 0.417 0.005 4 2780.65 0.15 0.38 0.129 0.005 4
907.0 0.3 4 2934.30 0.15 0.66 0.222 0.007 4
913.9 0.4 4 29775 0.4 0.0244 0.0023 4
981.02 0.10 0.0481 0.0023 4 3993.2 04 0.033 0.003 4
7009.35 0.14 0.060 0.009 4 3047.25 0.20 0.063 0.004 4
1039.24 0.05 100 37.0 14 1 3229.16 0.06 42 154 0.05 2
1060.5 04 0.012 0.004 4 3256.55 0.17 0.37 0.111 0.012 4
1148.05 0.14 0.26 0.078 0.007 4 3381.34 0.06 40 49 0.05 2
7190.44 0.10 051 0.147 0.015 4 3422.77 0.10 2A 0.88 0.03 3
pL_1282.44 16 0511 0.021 3 3433.02 0.15 0.75 0.300 0.070 4
1232.92 : 0.052 0.015 3724.8 T.0 0.0026 0.0004 | 4
1333.00 0.06 38 7.20 0.04 3 3736.8 0.6 0.0133 0.0012 | 4
1356.38 0.30 0.17 3767.50 0.20 0.37 0.148 0.006 4
D|__1356.86 18 0.17 0.04 4 3791.56 0.10 28 T.12 0.04 3
1357.33 0.26 0.07 3806.3 T.0 0.0026 0.0004__| 4
1418.79 0.06 18 0.629 0.022 3 3811.7 08 0.0089 0.0008 | 4
1458.95 0.10 0.65 0.099 0.004 4 3827.5 08 0.0070 0.0008 | 4
1508.37 0.09 17 0.562 0.019 3 4086.27 0.10 1.29 0.05 3
1741.8 0.4 0.052 0.022 4 4295.88 0.10 4.05 0.13 1
1899.16 0.09 TA 0.426 0.017 4 7462.10 014 0.844 0.027 2
1918.63 0.06 5.6 2.09 0.06 3
2066.4 04 0.0318 0.0018 | 4 4806.60 0.20 184 0.06 1

 

 

 

 

 

 

 

 

 

 

 

 

 

 

 

 

Table of Contents

   
