Page -719-

10° *83H(1.0 hr.)
1-69
2.5 cm? x 8 mm Ge(Li)
no absorber

unknown source distance

g
& 72-183-1
ios
10° Zz
c 783
£
108
Ts
<7
°
°o
o
Q
3
= 103
£ 10
—<
9
2
c
Ss
°
oO
102
101

   

2200 2400 2600 x 3000 3200 3400 3600 3800 4000
Channel Number

Table of Contents

 
Page -720-
oI .0 hr. 183Hf(1.0 hr.) Decay Scheme

1784.32

1543.41

1150.81
1030.28

960.07
948.64

| ] 856.93
lo |S 735.06
K eo %
o RN ww
v 2 ¥ al 572.81
v | 459.07
2 |8
i a
? ov ©

7
Co i =
BR Table of Contents |.

 

 

 

 

 

 

 

 

 
Page -721-

 

GAMMA-RAY ENERGIES AND INTENSITIES

 

 

 

 

 

 

 

 

 

 

 

 

 

 

 

 

 

 

 

 

 

 

 

 

 

 

 

 

 

 

 

 

 

 

 

 

 

 

 

 

 

 

 

 

 

 

 

 

 

 

 

 

 

 

 

 

 

 

 

Nuclide: 183Hf E,, OE,, ly Gly - 1998 ENSDF Data Half Life: 1.067(17) hr.
Detector: 2.5 cm? x 8 mm Ge (Li) Method of Production: 182Hf(n,7)
E, (keV) OE, AG) ly (%) oly s E, (keV) OE, A) ly (%) oly Ss
73.173 0.014 58.46 38. 5. 1 500.7 0.3 0.081 0.012 4
84.69 0.06 0.030 0.006 4 536.80 0.20 0.152 0.024 4
113.74 0.03 0.21 0.144 0.015, 4 594.77 0.14 0.32 0.21 0.10 4
124.10 0.20 0.038 0.025 0.008 4 686.48 0.07 0.37 0.242 0.028 4
131.0 0.3 0.018 0.012 4 691.74 0.10 0.46 0.30 0.04 3
139.00 0.20 0.038 0.025 0.012 4 715.3 1.0 0.068 0.044 0.020 4
143.200 0.016 0.72 0.48 0.06 3 717.2 1.0 0.11 0.07 0.03 4
149.10 0.20 0.019 0.010 4 727.3 0.3 0.09 0.06 0.03 4
153.75 0.15 0.034 0.008 4 735.06 0.08 1.35 0.89 0.12 3
157.90 0.15 0.05 0.033 0.012 4 762.9 0.3 0.09 0.07 0.03 4
160.780 0.020 0.80 0.525 0.065 3 769.3 0.3 0.21 0.14 0.05 4
165.20 0.15 0.055 0.036 0.012 4 783.753 0.021 100. 66. 9. 1
180.40 0.20 0.048 0.031 0.012 4 797.2 0.5 0.0202 0.0026 4
223.40 0.15 0.12 0.08 0.03 4 805.44 0.12 0.21 0.14 0.03 4
225.01 0.10 0.23 0.152 0.024 4 856.926 0.020 0.17 0.11 0.03 4
284.12 0.03 0.55 0.36 0.05 4 868.50 0.20 0.040 0.005 4
295.22 0.08 0.26 0.172 0.024 4 875.46 0.12 0.095 0.06 0.03 4
315.870 0.016 1.87 1.23 0.16 3 959.6 1.0 0.026 0.020 4
375.83 0.12 0.091 0.021 4 987.1 0.3 0.040 0.005 4
397.858 0.017 4.46 29 0.4 3 1045.5 0.3 0.11 0.071 0.021 4
459.070 0.015 42.0 27. 4 1 1112.7 0.3 0.040 0.005 4
466.70 0.20 0.13 0.09 0.04 4 1470.23 0.07 4.15 2.7 0.4 1
472.2 0.3 0.25 0.16 0.03 4 1543.41 0.07 0.0202 0.0016 4
476.90 0.18 1.10 0.73 0.09 4 1784.31 0.20 0.11 0.07 0.03 3
481.31 0.05 0.71 0.16 4

 

 

 

 

 

 

 

 

Table of Contents

   
