Page -492-
10°

1321(2.2 hr.)

65 cm?

10cm

coaxial Ge(Li)
53-132-1

1.26 gicm? Be

106

129/699

‘6 | | [oss

9:
© | 129/029

Lvs

esk
|
2pi
Zeger

10*

puosas/jeuueyo/s}unog

10°

 

10°

Channel Number

 

z
2
=
eo
2
=
3
Oo
Sm)
3
2
S
e

 
Page -493-

2.2 hr. 1821(2.2 hr.) Decay Scheme

1324 gamma-rays emitted from high energy levels
53!) Q=3577

 

2717
2525:
2390:
+2249
+2223)
2172
$208
200

2+

132 stable
2aXe
— Sp i SI
BR Table of Contents 4s

 
Page -494-

geo hr 1821(2.2 hr.) Decay Scheme

1324 gamma-rays emitted from low energy levels
539 \ Q=3577

 

1297
667!

OW
1 2X e stable

SID
Table of Contents 4s

 
Page -495-

 

GAMMA-RAY ENERGIES AND INTENSITIES (page 1 of 3)

 

 

 

 

 

 

 

 

 

 

 

 

 

 

 

 

 

 

 

 

 

 

 

 

 

 

 

 

 

 

 

 

 

 

 

 

 

 

 

 

 

 

 

 

 

 

 

 

 

 

 

 

 

 

 

 

 

 

 

 

 

 

 

 

 

 

 

 

 

 

 

 

 

 

 

Nuclide: 132] Ey, OE,, ly Gly - 1998 ENSDF Data Half Life: 2.295(13) hr.
Detector: 65 cm coaxial Ge (Li) Method of Production: U(n,f) chem.

E, (keV) OE, \, (rel) ly (%) oly S E, (keV) OE, L, (el) ly (%) oly s
136.7 04 547.20 0.20 1.38 1.44 0.08 3

D 136.7 04 0.10 0.079 0.010 4 559.7 04 0.089 0.020 4
147.40 0.20 0.24 0.287 0.020 4 572.5 04 0.059 0.020 4
183.6 03 0.18 0.138 0.020 4 501.1 06
234.3 06 0.030 0.010 4 D 501.4 06 0.07 0.08 4
250.8 06 600.0 06

D 3508 06 0.018 0.005 4 D 5000 06 0.13 0.03 4

D 255.1 03 025 0.0197 4 609.8 05 0.040 0.010 4
255.10 0.20 " 0.237 0.020 4 pL £20.80 0.20 216 0.39 0.20 3
262.90 0.10 147 1.28 0.10 3 621.2 03 : 158 0.20

D 278.4 0.4 0.040 0.010 4 630.190 0.020 13.90 13.3 0.4 1
278.4 0.4 : : 642.2 0.4 0.0395 4
284.90 0.20 0.71 0.07 4 650.50 0.20 2.74 2.57 0.20 2
302.0 0.7 0.0197 4 667.718 0.003 100. 98.7 1

p|_3067 0.4 0.14 0.099 0020 «| 4 p|__668:80 0.20 947 46 06 >
306.7 0.4 671.40 0.20 35 1.0

pL 310.1 0.4 0.10 0.089 0.020 4 684.40 0.20 0.04 0.04 4
310.4 0.4 687.8 05 0.040 0.020 | 4
316.7 04 0.128 0.020 4 706.4 07 0.0197 4
343.7 0.4 0.089 0.020 4 727.0 03 22 06
351.8 04 0.079 0.020 4 D 5.65 1
363.34 0.05 0.49 0.10 4 727.2 08 32 06
3879 3 728.40, 0.20 1.39 16 04 3

771.70 0.020 0.020

D ie 38 070 030 os ‘ >) 772.600 oo10 | 7699 75.6 1.3 1
768 03 046 047 005 7 780.00 0.20 1.28 1.18 0.04 3
431.8 0.3 0.50 0.47 0.05 4 784.4 0.4 0.42 0.38 0.04 4
445.0 06 0.0987 791.2 0.4 0.13 0.099 0.020 4

D 446.2 03 0.53 0.60 0.05 4 809.50 0.20 3.03 2.6 0.3 2
473.6 0.4 0.17 0.04 4 812.00 0.20 5.74 5.5 0.4 1
478.2 0.4 0.17 0.04 4 831.3 05 0.025 0.010 4
488.0 04 847.9 05 0.017 0.005 4

OF 488.0 04 0.92 0.41 0.05 4 863.00 0.20 0.63 0.56 0.05 3
505.79 0.03 4.97 4.94 0.20 3 D 866.0 0.6 0.036 0.014 4
522.65 0.09 16.18 16.0 0.5 1 866.0 0.6 . .
5354 03 058 051 0.05 4 876.60, 0.20 0.80 1.04 0.04 3

 

 

 

 

 

 

 

 

 

 

 

 

 

 

 

 

Table of Contents

   
Page -496-

 

GAMMA-RAY ENERGIES AND INTENSITIES (page 2 of 3)

 

 

 

 

 

 

 

 

 

 

 

 

 

 

 

 

 

 

 

 

 

 

 

 

 

 

 

 

 

 

 

 

 

 

 

 

 

 

 

 

 

 

 

 

 

 

 

 

 

 

 

 

 

 

 

 

 

 

 

 

 

 

 

 

 

 

 

 

 

 

 

 

 

 

Nuclide: 182] Ey, OE,, ly, Gly - 1998 ENSDF Data Half Life: 2.295(13) hr.
Detector: 65 cm coaxial Ge (Li) Method of Production: U(n,f) chem.

E, (keV) OE, Ly (rel) 1, (%6) oly Ss E, (keV) oEy 1, (rel) 1 (%) oly s

886.1 05 0.025 0.008 4 1317.927 0.007 0.41 0.148 0.015 3
888.7 05 1360.0 05 0.0059 0.0020 | 4

OY 988.7 0.5 0.084 0.008 ‘ 1372.07 0.13 2.52 2.47 0.10 1
904.4 0.5 0.013 0.004 4 1390.7 0.7 0.015 0.010 4
910.10 0.20 1.04 0.93 0.08 3 7398.57 0.10 7.42 7.01 0.20 1

927.4 03 0.47 0.41 0.04 3 14106 03 0.043 0.007 q

947.2 0.6 0.044 0.014 | 4 1442.56 0.10 1.44 1.40 0.05 | 1
954.55 0.09 17.60 17.6 05 1 1450.0 05 0.0079 0.00204

965.8 0.5 0.06 0.034 0.008 4 1456.50 0.20 0.42 0.049 0.007 3
984.20 0.20 0.80 0.59 0.04 3 1476.70 0.20 0.15 0.130 0.009 3

995.8 0.5 0.030 0.010 4 1519.60 0.20 0.10 0.079 0.005 3

pL 1002.5 0.6 0.026 0.007 4 1531.9 05 0.0059 0.0020. | 4
1002.5 0.6 1542.3 0.6 0.0158 0.0020. | 4
1005.4 0.6 0.016 0.005 4 1559.0 0.4 0.0089 0.0020 | 4
1009.0 0.4 0.046 0.007 4 1592.9 03 0.07 0.047 0.004 4
1035.00 0.20 0.57 0.51 0.05 3 1617.90 020 0.010 0.005 4
1049.6 04 0.10 0.046 0.012 4 1616.9 03 0.007 0.005 4
1081.8 04 0.034 0.008 4 16365 06 0012 0.004 4
1086.2 04 0.09 0.079 0.020 4 16365 06 0012 0.004 4
1096.9 0.4 0.044 0.008 4 1639.1 05 0.0079 0.0020 | 4
1112.4 04 0.065 0.015 4 1644.0 06 0.013 0.004 4
p|__1126.5 0.4 0.049 0.020 4 1661.4 05 0.0158 0.0030 | 4
1126.5 0.4 1671.3 04 0.022 0.004 4
1136.000 xe) 3.23 3.01 0.14 1 1679.3 06 0.0059 0.00201 4
1143.30 0.20 1.57 1.35 0.06 2 1715.4 0.4 0.055. 0.004 4
1147.8 0.5 0.40 0.27 0.05 4 1720.6 0.5 0.054 0.004 4
1172.90 0.20 1.29 1.09 0.07 3 1727.2 0.4 0.11 0.067 0.006 4
1212.3 0.4 0.012 0.003 4 1752.3 0.7 0.025 0.008 4
1242.6 07 0.0089 4 1757.4 02 0.35 0.30 0.03 3
1254.1 0.4 0.05 0.059 0.007 4 1760.4 0.6 0.059 0.020 4
1263.6 0.5 0.03 0.027 0.006 4 1768.5 0.8 0.025 0.008 4
1272.8 0.4 0.21 0.168 0.020 3 1778.5 0.4 0.10 0.079 0.008 4
1290.80 0.20 1.21 1.13 0.05 2 1786.5 06 0.0109 0.0020. | 4
1295.10 0.20 1.85 1.88 0.07 1 1786.5 06 0.0109 0.0020 | 4
1297.910 0.020 0.71 0.89 0.07 2 1814.0 05 0.016 0.004 4
1314.0 05 0.08 0.059 0.009 4 1830.1 05 0.028 0.005 4

 

 

 

 

 

 

 

 

 

 

 

 

 

 

 

 

Table of Contents

   
Page -497-

 

GAMMA-RAY ENERGIES AND INTENSITIES (page 3 of 3)

 

 

 

 

 

 

 

 

 

 

 

 

 

 

 

 

 

 

 

 

 

 

 

 

 

 

 

 

 

 

 

 

 

Nuclide: 182] Ey, OE,, ly, Gly - 1998 ENSDF Data Half Life: 2.295(13) hr.
Detector: 65 cm? coaxial Ge (Li) Method of Production: U(n,f) chem.

E, (keV) OE, 1, (rel) ly (%) oly s E, (keV) oEy 1, (rel) ly (%) oly s

1879.2 05 0.014 0.003 4 2408.6 04 0.0094 0.0008 | 4

1913.7 05 0.030 0.010 4 2416.9 04 0.0014 0.0006 | 4

7921.08 0.12 1.24 1.23 0.06 1 2444.0 06 0.0056 0.0008 | 4

7925.7 1.0 0.0020 0.0010 | 4 2454.8 04 0.002% 0.0005 | 4

1939.5 0.7 0.0049 0.0020 4 2487.8 0.6 0.0008 0.0002 4

1985.638 0.008. 0.0118 0.0020 4 2525.14 0.15 0.04 0.040 0.004 3

2002.2 05 72 114 0.08 1 2546.5 06 0.0016 0.0005 | 4

2086.82 0.15 0.28 | 0.257 0.020 | 1 eee a4 ae 2078 ‘

2172.68 0.15 0.25 0.207 0.020 1 6032 05 0.0075 0000314

2187.0 0.6 0.007 9.003 | 4 2607.2 0.6 0.0010 0.0003 | 4

2204.2 0.6 9.0030 0.0020 | 4 2614.5 0.4 0.0036 0.0012 | 4

2223.17 0.15 0.126 0.118 0.020 2 26538 06 0.0010 0.0003 1 4

2249.1 0.3 0.04 0.0336 0.0020 | 3 26008 OF 0.0010 0.0003) 4

2290.6 0.6 9.0036 0.0008 | 4 2717.5 0.6 0.003_| 0.0035 0.0005 | 3

2390.48 0.15 0.20 0.188 0.020 3 27578 o7 0.0013 0.0006 1 4

 

 

 

 

 

 

 

 

 

 

 

 

 

 

 

 

Table of Contents

   
