Page -501-
10°

>
£
£
nN
9
2
Ea

coaxial Ge(Li)

12-27-72

65 cm

20cm
53-134-1

1.26 gicm? Be

10°

10*

(QELL+Zpetveg)uins
Ovez

78sgtyZg)uins

SOL
POL
6Z9L

 

2
°
=

puosas/jeuueyo/s}unog

10?
10°

Channel Number

 

z
2
=
eo
2
=
3
Oo
Sm)
3
2
S
e

 
Page -502-

Lvs
eLOL

   

54,

134
Table of Contents

1341(52 min.) Decay Scheme

52 min.

 
Page -503-

 

GAMMA-RAY ENERGIES AND INTENSITIES (page 1 of 2)

 

 

 

 

 

 

 

 

 

 

 

 

 

 

 

 

 

 

 

 

 

 

 

 

 

 

 

 

 

 

 

 

 

 

 

 

 

 

 

 

 

 

 

 

 

 

 

 

 

 

 

 

 

 

 

 

 

 

 

 

 

 

 

 

 

 

 

 

 

 

 

 

 

 

 

 

 

 

 

 

 

Nuclide: 134] Ey, OE,, ly Gly - 1998 ENSDF Data Half Life: 52.5(2) min.
Detector: 65 cm? coaxial Ge (Li) Method of Production: U(n,f) chem.
E, (keV) oe, Ly (rel) 14 (%) dl, s E, (keV) oE, L, (rel) 14 (%) dl, s
135.399 0.022 3.94 429 0.29 3 974.67 0.04 4.88 477 0.19 2
139.08 0.03 0.72 0.75 0.04 4 1040.25 0.10 2.01 2.02 0.14 3
151.98 0.15 0.41 0.106 0.012 4 1052.2 03 0.07 0.067 0.019 4
162.48 0.07 0.27 0.286 0.029 4 1058.8 03 0.40 0.095 0.029 4
188.47 0.04 0.73 0.76 0.06 3 1072.55 0.03 16.0 14.9 0.5 1
217.00 0.20 0.26 0.229 0.029 4 1087.00 0.20 0.09 0.086 0.019 4
235.471 0.026 2.08 2.13 0.15 3 1100.07 0.12 0.72 0.69 0.06 3
278.80 0.15 0.137 0.143 0.019 4 1103.18 0.12 0.76 0.80 0.06 3
319.81 0.06 0.54 0.458 0.029 4 1136.16 0.04 102 of 06 1
351.08 0.10 0.52 0.42 0.07 4 1159.10 0.08 0.32 0.343 0.029 3
405.451 0.020 77 7.35 0.19 2 11640 03 0414 0134 0.029 4
411.00 0.08 0.64 0.57 0.04 4 a3 05 0.06 0.06 007 7
433.35 0.03 4.39 4.14 0.14 3 1190.03 0.08 0.37 0.353 0.029 3
458.92 0.06 1.36 1.31 0.06 3 12255 03 0.07 0.067 0.019 4
465.50 0.10 0.38 0.36 0.04 4 1239.0 03 0.22 I 0.06 4
488.88 0.04 1.48 1.45 0.06 3 1243.8 03 0.08 0.076 0.019 4
514.40 0.03 2.45 2.23 0.09 3 1269.49 0.05 0.59 0.56 0.04 3
540.825 0.025 82 7.63 0.19 2 73oD4 33 Oi 010 O04 7
565.52 0.04 0.92 0.94 0.07 4 1336.00 0.20 0.15 0.143 0.029 4
570.75 0.15 0.31 0.08 4 1352.62 0.08 0.47 0.410 0.029 3
595.362 0.020 11.9 14 04 2 7395.0 10 0.08 0.076 0.019 4
621.790 0.025 “4 10.6 0.4 2 1407.40 0.20 0.10 0.095 0.019 4
627.96 0.03 2.48 2.21 0.13 3 74143 O58 023 ODE 0.06 7
677.34 0.03 89 7.92 0.29 3 1428.2 03 0.18 017 0.04 4
706.65 0.10 0.87 0.83 0.06 4 1431.35 0.25 0.18 0.17 0.04 4
730.74 0.04 2.00 1.82 0.08 3 1455.24 0.05 2.40 2.29 0.19 2
739.18 0.08 0.80 0.69 0.05 4 1470.00 0.07 0.81 0.75 0.04 3
766.68 0.04 430 414 0.42 3 T5055 od OD O41 04 7
816.38 0.07 0.55 0.62 0.07 4 1541.51 0.07 0.53 0.51 0.04 3
847.025 0.025 100. 95.4 19 1 1613.80 0.04 457 429 0.19 1
857.29 0.03 73 6.68 0.19 2 1629.24 0.08 0.27 0.19 0.04 3
864.0 0.3 0.20 0.191 0.029 4 1644.25 0.07 0.43 0.39 0.04 3
884.090 0.025 68.4 64.9 19 1 1655.19 0.10 0.24 0.229 0.029 3
922.6 03 0.15 0.143 0.029 ~*| 4 1741.49 0.05 28 256 0.15 1
947.86 0.04 4.23 4.00 0.12 2 7006.84 0.04 595 553 0.49 7
966.90 0.05 0.37 0.39 0.04 4

 

 

 

 

 

 

 

 

Table of Contents

   
Page -504-
GAMMA-RAY ENERGIES AND INTENSITIES (page 2 of 2)

 

 

 

 

 

 

 

 

 

 

 

 

 

 

 

 

 

 

 

 

 

 

 

 

 

 

 

Nuclide: 184] E,, OE,, ly Gly - 1998 ENSDF Data Half Life: 52.5(2) min.

Detector: 65 cm coaxial Ge (Li) Method of Production: U(n,f) chem.
E, (keV) oE, \, (rel) ly (%) oly Ss E, (keV) oE, \, (rel) i) oly Ss
1868.50 0.20 0.07 0.067 0.019 3 2409.0 0.3 0.079 0.078 0.010 3
1893.2 0.3 0.06 0.057 0.010 4 2452.9 0.3 0.067 0.058 0.071 3
1925.88 0.10 0.19 0.181 0.029 3 2467.4 0.3 0.16 0.134 0.019 1
1947.3 0.3 0.10 0.095 0.019 3 2513.3 03 0.073 0.067 0.008 3
2020.6 0.3 0.18 0.191 0.029 3 2629.9 0.3 0.070 0.067 0.007 3
2159.9 0.3 0.22 0.210 0.029 2 2646.0 2.0 0.0191 0.0001 4
2236.7 0.5 0.056 0.053 0.014 3 2699.5 05 0.034 0.032 0.008 3
2262.5 0.3 0.10 0.095 0.019 3 2840.0 4.0 0.02 0.019 0.010 4
2312.40 0.20 0.25 0.238 0.029 1

 

 

 

 

 

 

 

 

Table of Contents

   
