Page -505-
10” 1351(6.5 hr.)

1-5-73
55 cm coaxial Ge(Li)
1.26 gicm? Be
10cm

53-135-1

10°
105 11311260
104

108

Counts/Channel/Second

10?

10°

10°

 

    

3000 3200 3400 3600 3800 4000

Channel Number

2200 2400 2600 2800

   

Table of Contents
Page -506-

1351(6.5 hr.) Decay Scheme

 

 

Table of Contents
Page -507-

 

GAMMA-RAY ENERGIES AND INTENSITIES (page 1 of 2)

 

 

 

 

 

 

 

 

 

 

 

 

 

 

 

 

 

 

 

 

 

 

 

 

 

 

 

 

 

 

 

 

 

 

 

 

 

 

 

 

 

 

 

 

 

 

 

 

 

 

 

 

 

 

 

 

 

 

 

 

 

 

 

 

 

 

 

 

 

 

 

 

 

 

 

 

 

Nuclide: 185] Ey, OE,, ly, Gly - 1998 ENSDF Data Half Life: 6.57(2) hr.
Detector: 55 cm coaxial Ge (Li) Method of Production: U(n,f) chem.
E, (keV) oE, \, (rel) ly (%) oly Ss E, (keV) GE, I, (rel) ly (%) oly s
pL_112.78 0.097 0.0127 4 707.92 0.04 28 0.665 0.029 3
113.15 : 0.0069 785.48 0.05 0.48 0.153 0.017 4
162.65 0.11 0.0098 0.0026 4 795.5 0.4 0.023 0.023 4
165.74 0.06 0.0315 0.0026 4 797.71 0.08 0.53 0.173 0.026 4
184.49 0.08 0.19 0.0237 0.0023 4 807.2 0.3 0.046 0.017 4
197.19 0.07 0.16 0.0329 0.0026 4 836.804 0.016 22.5 6.73 0.09 2
220.502 0.015 64 1.763 0.029 3 960.29 0.63 0.035 0.026 4
229.72 0.03 0.74 0.2428 0.0023 4 961.43 0.147 0.026 4
247.5 0.3 0.029 0.009 4 pL__971.96 76 0.896 0.029 3
254.74 0.13 0.02 1 0.009 4 972.62 : 1.214 0.029
264.26 0.09 1 0.1850 0.0029 4 995.09 0.10 0.76 0.156 0.026 4
pL__ 288.451 0.016 7 3.12 0.06 3 1038.760 0.021 28.2 8.01 0.09 2
290.27 0.04 : 0.306 0.017 1096.86 0.10 0.090 0.014 4
pL 304.91 0.13 0.47 0.0318 0.0029 4 1101.58 0.03 56 1.618 0.026 3
305.83 0.09 : 0.0957 0.0026 1124.00 0.03 127 3.641 0.029 2
326.00 0.20 0.0023 0.0017 4 1131.511 0.018 76.4 22.74 0.14 1
333.60 0.20 0.163 0.0376 0.0029 4 1151.51 0.0029 4
342.52 0.12 0.0009 0.0006 4 1159.90 0.20 0.53 0.104 0.023 4
361.85 0.13 0.43 0.188 0.023 4 1169.04 0.04 3.22 0.881 0.023 3
403.03 0.04 1.05 0.2341 0.0029 4 1180.46 0.09 0.19 0.064 0.009 4
414.83 0.03 14 0.303 0.014 4 1225.6 0.3 0.043 0.017 4
417.633 0.022 12.5 3.555 0.029 2 1240.47 0.03 3.00 0.910 0.026. 3
429.93 0.03 1.10 0.306 0.020 4 1254.8 1.0 0.0058 0.0029
433.741 0.019 1.81 0.558 0.014 4 1254.8 1.0 0.0058 0.0029 4
451.63 0.03 1.03 0.318 0.014 4 1260.409 0.017 100. 28.90 0.17 1
526.561 0.017 45.0 1 1277.83 0.12 0.0578 0.0029 4
530.8 0.4 0.032 0.014 4 1308.70 0.15 0.035 0.009 4
546.557 0.016 24.8 7.20 0.09 1 1315.77 0.11 0.40 0.066 0.017 4
575.97 0.08 0.31 0.130 0.023 4 1334.80 0.20 0.032 0.009 4
588.28 0.06 0.09 0.052 0.014 4 1343.66 0.09 0.31 0.078 0.012 4
616.90 0.20 0.038 0.017 4 1367.89 0.04 2.30 0.613 0.023 3
649.85 0.04 1.56 0.460 0.026 4 1416.3 0.4 0.032 0.009 4
656.09 0.10 0.075 0.014 4 1441.8 0.5 0.017 0.012 4
679.22 0.15 0.055 0.014 4 1448.35 0.10 15 0.318 0.026 4
684.60 0.20 0.023 0.009 4 1457.56 0.03 30.4 8.73 0.06 1
690.13 0.05 0.58 0.130 0.014 4 1502.79 0.04 3.9 1.084 0.026 2

 

 

 

 

 

 

 

 

 

 

 

 

 

 

 

 

Table of Contents

   
Page -508-

 

GAMMA-RAY ENERGIES AND INTENSITIES (page 2 of 2)

 

 

 

 

 

 

 

 

 

 

 

 

 

 

 

 

 

 

 

 

 

 

 

 

 

 

 

 

 

 

 

Nuclide: 135] Ey, OE,, ly Gly - 1998 ENSDF Data Half Life: 6.57(2) hr.
Detector: 55 cm® coaxial Ge (Li) Method of Production: U(n,f) chem.
E, (keV) oE, 1, (rel) ly (%) oly S E, (keV) oE, 1, (rel) ly (%) oly s
1521.99 0.13 0.038 0.017 4 2045.88. 0.03 3.13 0.879 0.026 1
1543.70 0.20 0.026 0.009 4 2112.4 05 0.27 0.069 0.029 3
1566.41 0.03 4.9 1.300 0.029 2 2151.50 0.10 0.11 0.0225 0.0026 4
1613.75 0.14 0.026 0.006 4 2179.7 05 0.0040 0.0017 4
1678.027 0.021 34.4 9.62 0.20 1 2189.40 0.20 0.0130 0.0026 4
1706.459 0.021 14.5 4.13 0.12 1 2255.457 0.022 2.16 0.618 0.020 1
1791.196 0.021 28.1 7.774 0.029 1 2408.65 0.03 3.22 0.962 0.026 1
1830.69 0.04 2.41 0.584 0.017 1 2452.8 0.8 0.009 0.006 4
1845.3 0.4 0.0058 0.0026 4 2466.07 0.10 0.24 0.0723 0.0029 | 1
1927.30 0.03 1.42 0.298 0.012 2 2477.1 0.4 0.0014 0.0003 4
1948.49 0.05 0.278 0.064 0.006 3

 

 

 

 

 

 

 

 

Table of Contents

   
