Page -554-

108 1421. a(91 min.)
2-25-73
65 cm® Coaxial Ge(Li)
2.5 gicm? Be
15cm
= 57-142-1
ss
oS
105 a
&
4
we 1901
% 1 756 2187
8 1923 2055
104 DE 3
1961 yi
Ts
®
Q
oO
=
© 103
—<
9
2
c
Ss
°
3
10?
10!

   

2200 2400 2600 2800 3000 3200 3400 3600 3800 4000
Channel Number

Table of Contents

 
Page -555-

   

421.a(91 min.) Decay Scheme

gamma-rays emitted from high energy levels

91 min.

6662:

090€

DSLE
O8Le

eles

6SbE

cLOE

cE9E

SL6E
svov

‘seCe

Table of Contents

 
Page -556-

91 min. 421. a(91 min.) Decay Scheme
eL a gamma-rays emitted from low energy levels

Q=4505

KR
cor)
oO
a

"Ce >5x10"° yr.

Sea _ <-—)
BR Table of Contents 4s

 
Page -557-

 

GAMMA-RAY ENERGIES AND INTENSITIES (page 1 of 3)

 

 

 

 

 

 

 

 

 

 

 

 

 

 

 

 

 

 

 

 

 

 

 

 

 

 

 

 

 

 

 

 

 

 

 

 

 

 

 

 

 

 

 

 

 

 

 

 

 

 

 

 

 

 

 

 

 

 

 

 

 

 

 

 

 

 

 

 

 

 

 

 

 

 

Nuclide: 142La Ey, OE,, ly, Gly - 1998 ENSDF Data Half Life: 91.1(5) min.
Detector: 65 cm? coaxial Ge (Li) Method of Production: U(n,f) chem
E, (keV) oE, ac) 1, (%) oly s E, (keV) oE, L, (tel) 14 (%) oly s
105.9 03 0.1422 0.0015 | 4 946.9 04 0.0948 0.0010 | 4
173.5 0.3 0.09 0.05 4 962.2 0.4 0.83 0.38 0.05 4
178.3 0.3 01 0.19 0.05 4 989.8 05 0.0948 0.0010 | 4
297.9 0.3 0.05 0.05 4 1006.70 0.20 0.2370 0.0025 | 4
318.0 0.3 0.05 0.05 4 1011.4 0.3 7.77 3.93 0.10 1
332.1 0.4 0.22 0.05 0.05 4 1020.8 0.4 0.0474 0.0005 4
339.5 0.4 0.09 0.05 4 1039.4 0.3 0.0948 0.0010 4
341.7 0.4 0.05 0.05 4 1043.7 0.5 5.88 2.70 0.06 1
350.3 0.3 0.0474 0.0005 | 4 1058.4 04 0.0948 0.0010 | 4
355.3 0.3 0.0474 0.0005 | 4 70875 4 O42 7
361.1 03 0.0948 0.0010 | 4 70694 05 009 005 7
367.3 0.2 0.20 0.1422 0.0015 | 4 10732 08 0.09 008 7
393.60 0.20 0.15 0.1896 0.0020 | 4 70855 O7 O14aD 0001s TF
420.20 0.20 0.48 0.2370 0.0025 | 4 70912 038 0.0948 0.0010 14
433.30 0.20 0.93 0.379 0.004 | 4 71007 08 0.0474 0.0008 14
439.0 0.5 0.05 0.05 4 1104.8 0.8 0.0474 0.0005 | 4
453.7 05 0.0948 0.0010 | 4 i398 05 0.05 0.08 7
Ann.| 511.006 Ti77 05 0.0474 0.0005 | 4
514.7 0.4 0.14 0.05 4 1121.2 0.6 0.0474 0.0005 | 4
529.4 0.6 0.05 0.05 4 11306 05 1.30 0.48 0.05 3
531.60 0.20 0.60 0.1422 0.0015 | 4 T14aD 4 045 0.0474 0.00081 4
538.3 05 0.0474 0.0005 | 4 T1e02 05 376 7H 0.05 5
546.00 0.20 0.0474 0.0005 | 4 Wea OF sae Sue a
570.6 0.8 0.05 9.08 4 1191.41 04 0.90 0.379 0.004 | 4
578.09 0.04 2.83 1.33 0.05 3 aDOBT 35 ad 3000s ta
639.5 0.4 0.09 9.05 4 1214.0 05 0.05 0.05 4
641.285 0.009 100. 47.4 05 1 10313 05 008 0.08 7
846.2 07 O14 0.08 4 1233.1 0.6 4.65 1.90 0.05 1
are a8 one aa 4 1242.0 04 0.54 __| 0.2370 0.0025 | 4
aa aa sas swt 1264.7 0.4 0.26 0.0948 0.0010 | 4
1 aa on — — - 1280.1 0.4 0.0474 0.0005 | 4
a as a = a 1283.2 0.5 0.0474 0.0005 | 4
: - : : : 1288.5 0.4 0.26 0.0474 0.0005 | 4
878.2 0.4 0.1896 0.0020 _| 4 1323.2 05 0.85 0.33 0.05 3
894.9 0.4 17.97 8.34 0.17 1 1348.7 0.5 0.0474 0.0005 | 4
915.6 0.5 0.05 0.05 4 1352.6 05 0.0948 0.0010 | 4

 

 

 

 

 

 

 

 

 

 

 

 

 

 

 

 

Table of Contents

   
Page -558-

 

GAMMA-RAY ENERGIES AND INTENSITIES (page 2 of 3)

 

 

 

 

 

 

 

 

 

 

 

 

 

 

 

 

 

 

 

 

 

 

 

 

 

 

 

 

 

 

 

 

 

 

 

 

 

 

 

 

 

 

 

 

 

 

 

 

 

 

 

 

 

 

 

 

 

 

 

 

 

 

 

 

 

 

 

 

 

 

 

 

 

 

 

 

 

 

 

 

 

Nuclide: 142La Ey, OE,, ly, Gly - 1998 ENSDF Data Half Life: 91.1(5) min.
Detector: 65 cm? coaxial Ge (Li) Method of Production: U(n,f) chem
E, (keV) oE, ly (rel) 1, (%) oly Ss E, (keV) oE, yy (rel) 1, (%) oly Ss
1363.0 0.5 4.60 2.13 0.05 1 2055.2 0.8 5.25 2.18 0.10 1
1372.9 0.7 0.05 0.05 4 2076.1 0.9 1.55 0.81 0.10 3
1389.3 0.8 0.43 0.05 3 2086.0 0.9 0.74 0.379 0.004 4
1393.0 0.8 0.1422 0.0015 4 2096.6 0.9 0.05) 0.05 4
1402.2 0.5 0.1422 0.0015 4 2100.4 0.8 2.00 1.04 0.10 2
1445.5 0.5 0.28 0.1422 0.0015 4 2111.9 0.8 0.0474 0.0005 4
1455.1 0.5 0.0948 0.0010 4 2126.2 0.9 1.84 0.33 0.05 3
1461.2 0.5 0.95 0.05 4 2139.3 0.8 1.63 0.52 0.10 3
1494.1 0.7 0.48 0.1422 0.0015 3 2152.0 0.8 0.14 0.05 4
1500.3 0.6 0.0948 0.0010 4 2160.0 0.9 0.0474 0.0005 4
1516.3 0.6 0.43 0.05 4 2180.9 0.9 1.54 0.52 0.10 3
1524.6 0.7 0.47 0.05 4 2187.2 1.0 10.4 3.70 0.10 1
1540.2 0.7 1.44 0.47 0.09 3 2347.4 0.9 0.05 0.05 4
1545.8 0.5 6.07 2.99 0.15 1 2357.8 1.0 1.90 0.57 0.05 3
1618.2 0.7 0.46 0.284 0.003 4 2364.4 0.9 0.78 0.43 0.05 4
1628.5 0.7 0.0474 0.0005 4 2378.6 0.9 0.1422 0.0015 4
1644.3 0.7 0.77 0.2370 0.0025 4 2397.8 0.9 24.80 13.3 0.3 1
1688.6 0.8 0.59 0.2370 0.0025 4 2419.5 0.9 0.94 0.1896 0.0020 4
1722.7 0.8 3.29 1.517 0.05 2 2460.3 1.0 1.44 0.47 0.05 3
1756.4 0.8 6.42 2.70 0.06 1 2513.1 0.9 0.0948 0.0010 4
1768.2 0.7 0.24 0.05 4 2523.3 0.9 0.0474 0.0005 4
1770.8 0.7 0.19 0.05 4 2539.2 14 0.38 0.05 4
1793.8 0.7 0.0474 0.0005 4 2542.7 1.0 20.3 10.00 0.26 1
1846.2 0.8 0.05 0.05 4 2590.6 1.0 0.1422 0.0015 4
1887.3 0.8 0.14 0.09 4 2598.7 0.9 0.40 0.1422 0.0015 4
1901.3 0.7 14.7 7.16 0.16 1 2612.4 0.9 0.332 0.004 4
1923.3 0.7 0.75 0.19 0.05 4 2645.7 1.0 0.12 0.0948 0.0010 4
1933.6 0.7 0.1422 0.0015 4 2663.1 1.0 1.6 0.71 0.10 2
1949.4 0.9 0.38 0.05 4 2666.8 0.9 3.72 1.80 0.10 2
1961.5 0.9 0.82 0.1422 0.0015 4 2672.6 1.0 0.61 0.1896 0.0020 3
2004.2 0.9 1.90 0.90 0.05 3 2732.5 1.0 0.14 0.05 4
2014.1 1.0 0.0948 0.0010 4 2782.2 1.0 1.03 0.332 0.004 3
2025.5 1.0 2.43 1.00 0.05 2 2800.8 1.0 1.91 0.76 0.05 3
2038.7 0.8 1.98 0.95 0.05 3 2818.5 14 1.69 0.76 0.05 3
2050.9 0.8 0.47 0.09 4 2828.8 14 0.284 0.003 4
2888.0 1.0 0.10 0.05 4

 

 

 

 

 

 

 

 

Table of Contents

   
Page -559-

 

GAMMA-RAY ENERGIES AND INTENSITIES (page 3 of 3)

 

 

 

 

 

 

 

 

 

 

 

 

 

 

 

 

 

 

 

 

 

 

 

 

 

 

 

 

 

 

 

 

 

Nuclide: 142La Ey, OE,, ly Gly - 1998 ENSDF Data Half Life: 91.1(5) min.

Detector: 65 cm coaxial Ge (Li) Method of Production: U(n,f) chem
E, (keV) oE, \, (rel) ly (%) ol, S E, (keV) oE, A) ly (%) ol, s
2971.0 1.2 7.23 3.13 0.15 1 3180.4 13 0.52 0.284 0.003 4
2991.6 14 0.0948 0.0010 | 4 3210.2 12 0.0948 0.0010 | 4
2999.9 1.2 0.89 0.2370 0.0025 3 3242.4 12 0.37 0.1896 0.0020 4
3002.6 1.2 0.2370 0.0025 4 3273.2 1.4 0.24 0.1422 0.0015 4
3006.8 1.2 0.35 0.0948 0.0010 | 3 3313.8 1.2 2.35) 0.95 0.05 2
3010.8 1.3 0.1422 0.0015 4 3334.2 1.2 0.09 0.0948 0.0010 4
3012.4 1.3 1.20 0.427 0.004 3 3401.9 1.2 0.62 0.332 0.004 3
3034.3 14 1.14 0.52 0.05 3 3459.3 13 0.82 0.2370 0.0025 | 3
3047.4 14 0.94 0.427 0.004 4 3470.0 13 0.0948 0.0010 | 4

pL__30607 14 055 0.0948 ooo | a 3612.1 14 1.26 0.90 0.05 1

3062.4 13 3632.7 13 1.72 1.00 0.05 1
3075.9 12 0.49 0.1896 0.0020 | 4 37194 13 051 0.284 0.003 1
ae 12 9.1422 | 0.00% | 4 3850.4 13 0.41 | 0.2370 | 0.0025 | 1
3154.3 14 06 0.1896 0.0020 | 4 one oz a 0.0474 0.0005 2
3164.7 13 0.0948 0.0010 | 4 - - -

 

 

 

 

 

 

 

 

 

 

 

 

 

 

 

 

Table of Contents

   
