Page -313-

10° 101M10(14 min.)

1-23-73
65 cm coaxial Ge(Li)
1.26 gicm? Be
20cm

42-101-1

106

10*

10°

10?

Counts/Channel/Second

10°

10°

 

       

000 200 0 600 800 20
3000 3200 3400 3600 3800 4000

Channel Number

0 200 v 600 800
2000 2200 2400 2600 2800

Table of Contents

   
Page -314-

 

 

 

 

 

 

 

 

 

 

 

 

 

 

 

 

 

 

 

 

 

 

 

 

 

 

 

 

 

 

 

 

 

 

 

 

 

 

 

 

14 min. .
101Mo(14 min.) Decay Scheme
101 M Oo gamma-rays from high energy levels
42 Q=2824
MN 4 /2+,3/2+) 2557.97
0.627M\(4/24.,3/24) 2442.26
BN 1 /2+,3/2+) 2237.87
LOR /2+,3/2-+) 2129.83
20.6% 4 3) 3047-73
asa." 500133
=)
Nw
o
$ ¥ 1678.09
¥ 1599.08
wo
o g
aaa o
¥ io 4232.33
12-,3/2- T=g 1188.04
= 8 3
(3/2)+ v ¥ rr 1028.08
eo or
oO
= 58 v 886.70
AB g— a-3-8-4—+ 6088)
I) ao os = 0-8
{yp a) i Ow + SF — 848.20
(pt aia) ¥ =v =
{Bi5p:/) v % 520.61
2 =
= s =
(1/2,3/2)- zt ay a8 ¥ 288.45
(1/2)- q 5-8 g_¥ 207.52
o
(5/2)+ v av v 15.60
(7/2) + ¥ 9:32

 

 

431C
Table of Contents

   
Page -315-
14 min.

193Mo

 

Q

=2824

101Mo(14 min.) Decay Scheme

gamma-rays from medium energy levels

 

 

 

 

431C

Table of Contents

 
Page -316-

14 min. 11Mo(14 min.) Decay Scheme
gamma-rays from low energy levels
"2Mo

Q=2824

 

 

 

+ a wo 2
8 25 Ss 2 35
= ar °
v or Roo oo o oorst
(52)+__¥ ~¥ Set ERV 8 v B44 1 Vo 569
(712) + ¥ £0 VV ¥ ee
101 14 min.
431C

 

Ee _ gee
“RY Table of Contents Ss
Page -317-

 

GAMMA-RAY ENERGIES AND INTENSITIES (page 1 of 3)

 

 

 

 

 

 

 

 

 

 

 

 

 

 

 

 

 

 

 

 

 

 

 

 

 

 

 

 

 

 

 

 

 

 

 

 

 

 

 

 

 

 

 

 

 

 

 

 

 

 

 

 

 

 

 

 

 

 

 

 

 

 

 

 

 

 

 

 

 

 

 

 

Nuclide: 1°1Mo Ey, OE,, ly Gly - 1998 ENSDF Data Half Life: 14.61(3) min.
Detector: 65 cm? coaxial Ge (Li) Method of Production: 100Mo(n,y)
E, (keV) oE, \ (rel) ly (%) oly Ss E, (keV) oE, \, (rel) ly (%) oly Ss
6.281 0.007 0.543 0.006 4 469.02 0.12 0.76 0.076 0.006 4
9.317 0.010 2.107 0.024 4 482.52 0.12 0.73 0.086 0.011 4
15.606 0.015 0.0013 4 491.5 0.3 0.067 0.006 4
80.92 0.03 3.73 0.12 4 497.0 0.8 0.146 0.016 4
104.70 0.08 0.157 0.013 4 499.65 0.03 7.21 1.39 0.05 3
105.95, 0.05 0.275 0.015 4 505.05 0.18 0.36 0.04
115.76 0.13 0.029 0.004 4 OF 505.92 0.03 on 11.62 0.28 1
169.0 0.3 0.027 0.007 4 510.21 0.12 0.25 0.03 4
187.41 0.20 0.437 0.019 4 512.83 0.05 7.28 1.40 0.09 3
191.920 0.020 81.9 18.21 0.21 1 D 514.1 0.4 3.99 0.81 0.03 3
195.93, 0.04 11.52 2.77 0.08 3 515.42 0.10 : 0.81 0.03
211.98 0.03 2.20 0.455 0.024 4 523.83 0.12 0.158 0.009 4
221.80 0.20 0.098 0.007 4 533.57 0.07 24 0.397 0.019 3
274.97 0.20 0.086 0.009 4 540.1 0.5 0.095 0.013 4
318.00 0.06 1.03 0.229 0.011 4 560.3 0.3 0.069 0.007 4
327.70 0.07 1.31 0.209 0.009 4 566.62 0.05 4.06 0.82 0.04 3
333.61 0.06 3.36 0.71 0.03 3 571.62 0.17 0.177 0.011 4
347.56 0.09 0.77 0.102 0.009 4 582.9 0.9 0.080 0.013 4
352.97 0.09 0.84 0.140 0.009 4 590.10 0.19 1411 0.11
358.2 05 0.044 0.009 | 4 Dr —se0.10 0.19 100 19.2 09 1
368.4 0.5 0.098 0.015 4 602.98 0.23 0.093 0.009 4
370.0 0.8 1.0 0.118 0.015 4 606.8 0.3 0.073 0.018 4
371.6 0.8 0.8 0.153 0.013 4 608.34 0.04 5.09 1.02 0.04 3
377.9 0.5 0.16 0.04 4 611.6 0.5 0.133 0.018 4
378.99 0.21 0.308 0.015 4 625.3 0.6 0.091 0.013 4
381.12 0.10 0.317 0.019 4 642.71 0.07 6.65 1.21 0.05 3
384.4 0.4 0.051 0.007 4 650.9 0.7 0.026 0.006 4
398.84 0.07 4.13 0.865 0.027 3 652.7, 1.4 0.027 0.009 4
408.69 0.06 7.45 1.53 0.06 3 660.64 0.07 1.10 0.224 0.011 4
421.67 0.10 3.01 0.54 0.04 3 675.9 0.6 0.046 0.007 4
422.4 0.5 0.095 0.016 4 686.0 0.3 0.067 0.006 4
432.65 0.14 0.46 0.109 0.011 4 695.56 0.06 34.7 6.66 0.16 1
442.0 0.3 0.053 0.007 4 701.80 0.13 1.66 0.357 0.020 4
448.60 0.06 3.46 0.67 0.03 3 707.8 08 0.064 0.013 4
452.5 0.3 0.076 0.006 4 713.04 0.09 16.82 3.33 0.15 2

 

 

 

 

 

 

 

 

 

 

 

 

 

 

 

 

Table of Contents

   
Page -318-

 

GAMMA-RAY ENERGIES AND INTENSITIES (page 2 of 3)

 

 

 

 

 

 

 

 

 

 

 

 

 

 

 

 

 

 

 

 

 

 

 

 

 

 

 

 

 

 

 

 

 

 

 

 

 

 

 

 

 

 

 

 

 

 

 

 

 

 

 

 

 

 

 

 

 

 

 

 

 

 

 

 

 

 

 

 

 

 

 

 

 

 

 

 

 

 

 

Nuclide: 1°'Mo E,, OE, ly Gl, - 1998 ENSDF Data Half Life: 14.61(3) min.
Detector: 65 cm? coaxial Ge (Li) Method of Production: 100Mo(n,y)

E, (keV) oE, ly (el) 1 (%) oly s E, (keV) oE, I, (rel) ly (%) oly s
728.19 0.16 0.53 0.098 0.009 4 1064.59 0.11 1.60 0.275 0.015 4
732.98 0.07 1.66 0.268 0.015 4 1065.9 0.4 0.157 0.011 4
737.3 0.8 0.035 0.007 4 1160.98 0.04 22.0 4.02 0.14 2
739.54 0.13 0.297 0.015 4 1169.23 0.17 4.24 0.220 0.017 4

pL 274.15 0.10 219 0.350 0.017 4 1184.19 0.23 0.182 0.013 4
775.8 0.8 0.104 0.018 1186.76 0.04 5.09 1.01 0.04 3
778.29 0.05 4.64 0.97 0.04 3 1199.94 0.04 9.50 1.78 0.06 2
790.04 0.13 0.63 0.126 0.009 4 1209.92 0.21 0.131 0.011 4

798.0 0.5 0.069 0.009 4 1218.0 05 0.056 0.007 4
804.29 0.05 4.98 0.96 0.04 3 1249.4 05 0.231 0.017 4
815.29 0.08 1.33 0.188 0.026 4 1251.10 0.04 25.77 4.72 0.16 1
847.24 0.24 0.075 0.009 4 1260.21 0.15 0.83 0.148 0.013 4
853.09 0.07 1.20 0.240 0.011 4 1286.26 0.17 0.107 0.009 4
859.13 0.18 0.124 0.009 4 1290.7 03 0.113 0.007 4

869.7 0.3 0.288 0.018 4 1293.29 0.17 0.211 0.009 4
871.08 0.05 8.94 1.71 0.08 3 1304.00 0.04 15.1 271 0.08 2
877.39 0.04 17.04 3.22 0.19 2 1308.13 0.20 0.49 0.087 0.009 4
883.39 0.06 3.14 0.65 0.03 3 1310.7 1.3 0.031 0.007 4

D 887.0 0.3 2.40 0.188 0.013 4 1314.28 0.25 0.213 0.011 4
888.7 0.3 0.237 0.015 1325.65 0.15 2.05 0.28 0.03 3

D 894.4 1.6 138 0.056 0.024 4 1336.40 0.13 0.77 0.153 0.008 4
895.89 0.20 0.173 0.011 1339.42 0.09 1.10 0.178 0.011 4
903.55 0.09 1.32 0.218 0.011 4 1346.09 0.07 5.69 0.94 0.04 3

D 933.3 0.3 21.84 0.60 0.06 2 1350.8 07 0.049 0.006 4
934.21 0.03 4.12 0.26 1355.89 0.05 9.93 1.69 0.08 2
943.98 0.21 0.67 0.107 0.011 4 1377.95 0.17 1.22 0.239 0.013 4
980.52 0.07 1.73 0.273 0.015 4 1380.4 08 0.115 0.011 4
988.05 0.12 1.09 0.177 0.011 4 1382.71 0.06 6.47 1.13 0.04 2
1007.4 0.3 0.173 0.015 4 1387.6 0.3 0.073 0.006 4
pL_1011.05 0.14 76.63 0.89 0.07 1 1394.86 0.06 3.64 0.625 0.028 3
1012.47 0.04 : 13.0 0.7 1414.20 0.06 3.00 0.495 0.024 3
1018.58 0.25 4.98 0.73 0.04 3 1418.56 0.06 4.70 0.89 0.04 3
1020.0 0.3 0.386 0.017 4 1426.9 0.9 0.035 0.006 4
1030.1 0.4 0.069 0.007 4 1429.21 0.20 0.07 0.04 4

1049.80 0.06 1.90 0.348 0.019 3

 

 

 

 

 

 

 

 

Table of Contents

   
Page -319-

 

GAMMA-RAY ENERGIES AND INTENSITIES (page 3 of 3)

 

 

 

 

 

 

 

 

 

 

 

 

 

 

 

 

 

 

 

 

 

 

 

 

 

 

 

 

 

 

 

 

 

 

 

 

 

 

 

 

 

 

 

 

 

 

 

 

 

 

 

 

 

 

 

Nuclide: 1°'Mo Ey, OE,, ly, Gly - 1998 ENSDF Data Half Life: 14.61(3) min.
Detector: 65 cm? coaxial Ge (Li) Method of Production: 109Mo(n,y)
E, (keV) ot, Ly (rel) Ly (%6) oly s E, (keV) ot, 1, (rel) 1 (%) oly s
pL_431.68 0.18 18 0.362 0.013 3 1673.91 0.06 8.83 1.68 0.08 2
1431.68 0.18 : 0.128 0.018 1712.93 0.15 1.0 0.198 0.011 4
1435.1 0.4 0.082 0.007 4 1722.1 06 0.033 0.009 4
1440.84 0.41 1.09 0.151 0.009 4 1754.90 0.08 2.0 0.373 0.017 3
1451.4 04 0.064 0.007 4 1759.72 0.06 5.54 1.01 0.05 3
1485.90 0.20 0.100 0.006 4 1768.22 0.19 0.142 0.009 4
1507.0 07 0.049 0.013 4 1840.24 0.05 7.45 1.40 0.09 2
1514.10 0.22 0.177 0.011 4 1876.3 0.9 0.026 0.004 4
1517.8 04 0.217 0.017 4 1882.26 0.25 0.086 0.006 4
1520.4 05 0.228 0.029 4 1888.3 05 0.044 0.007 4
1523.0 0.3 0.280 0.013 4 1921.4 05 0.053 0.007 4
1526.6 05 0.098 0.009 4 1941.8 04 0.055 0.006 4
1530.3 05 0.146 0.055 4 1946.54 0.24 0.080 0.006 4
1532.49 0.04 32.91 6.14 0.20 1 2024.4 0.8 0.067 0.007 4
1548.68 0.24 0.149 0.011 4 2028.1 0.9 0.100 0.016 4
1583.1 03 0.082 0.007 4 2032.10 0.05 36.94 6.59 0.20 1
1589.67 0.09 157 0271 0.011 3 2038.4 05 0.208 0.027 4
1594.8 09 0.022 0.006 4 2041.24 0.05 11.94 2.15 0.08 1
1599.26 0.05 9.47 1.75 0.08 2 2047.31 0.14 0.39 0.089 0.007 4
1605.3 0.6 0.042 0.006 4 2088.79 0.05 4.13 0.79 0.04 1
1609.2 0.3 0.089 0.007 4 2112.77 0.25 0.144 0.026 4
1615.0 0.4 0.056 0.006 | 4 2114.34 0.08 3.07 | 0.575 0.026 | 1
1629.4 0.5 0.049 0.006 | 4 2131.4 0.4 0.035 0.007| 4
1646.4 0.3 0.078 0.007 | 4 2223.26 0.11 0.87 0.164 0.007 | 3
1653.3 0.4 9.076 0.006 | 4 2337.8 0.8 0.015 0.004 | 4
1662.49 0.06 3.78 0.699 0.015 3 A047 08 0.0195 0.00244

 

 

 

 

 

 

 

 

 

 

 

 

 

 

 

 

Table of Contents

   
