Page -597-
107 49Pm(53 hr.)

2-15-66 thru 2-16-66
2.5 cm? x 4 mm Ge(Li)
1 gicm? Poly
3cm

61-149-1

10°

108

104

Counts/Channel/Second

10°

10?

 

10°
0 100 200 300 400 500 600 700 800 900 1000

Channel Number

   

Table of Contents
 

 

 

881.97

 

 

 

 

 

49Pm(53 hr.) Decay Scheme

 

 

 

  

N (5/2,7/2-)

 

 

    

 

'8Sm

Table of Contents

 
Page -599-

 

GAMMA-RAY ENERGIES AND INTENSITIES

 

 

 

 

 

 

 

 

 

 

 

 

 

 

 

 

 

 

 

 

 

 

 

 

 

 

 

 

 

 

 

 

 

 

 

 

 

 

 

 

 

 

 

 

 

 

 

 

 

 

 

 

 

Nuclide: '49Pm E,, OE, |, Gly - 1998 ENSDF Data Half Life: 53.08(5) hr.
Detector: 2.5 cm2 x 4 mm Ge(Li) Method of Production: 148Nd(n,y)B

E, (keV) oE, \, (rel) ly (%) oly s E, (keV) oE, I, (rel) a) oly s
22.520 0.010 0.050 0.003 4 550.01 0.15 0.0002 4

72.98 0.07 4 552.92 0.09 0.0006 4
208.28 0.17 0.008 0.0015 0.0001 4 558.37 0.04 0.14 0.0152 0.0014 3
238.38 0.12 0.0002 4 568.36 0.07 0.18 0.0186 0.0017 3
242.10 0.14 0.009 0.0002 4 571.08 0.09 0.0024 0.0003 4
254.57 0.08 0.045 0.0053 0.0005 4 590.880 0.010 0.68 0.069 0.005 2
257.77 0.17 0.0003 4 598.42 0.15 0.0002 4
263.23 0.04 0.097 0.0096 0.0007 4 613.92 0.06 0.13 0.0149 0.0013 3
277.090 0.020 0.27 0.0288 0.0022 4 636.50 0.05 0.062 0.0093 0.0009 4
281.24 0.03 0.0074 0.0006 4 664.40 0.10 0.0008 0.0001 4
285.950 0.010 31.0 3.10 0.20 1 785.23 0.12 0.0004 0.0001 4
305.22 0.08 0.022 0.0026 0.0002 4 808.11 0.05 0.15 0.0164 0.0016 2
314.85 0.15 0.0003 4 812.92 0.14 0.0003 4
323.95 0.09 0.0015 0.0002 4 824.30 0.20 0.0001 4
327.53 0.07 0.034 0.0037 0.0003 4 830.53 0.07 0.30 0.032 0.003 1
p{__380.00 0.10 0.023 0.0003 4 833.40 0.07 0.30 0.033 0.003 1
350.71 0.07 . 0.0015 0.0001 835.55 O11 0.0017 0.0007 4
358.46 0.14 9.0008 4 859.46 0.06 1.02 | 0.108 0.008 | 1
359.57 0.07 0.022 0.0015 0.0002 4 38198 0.05 028 0.0339 0.0018 4
506.10 0.20 0.0001 4 HES 5 q
526.60 0.20 9.0001 4 930.20 0.20 0.0006 0.0001 4
531.61 0.06 0.012 0.0015 0.0002 4 550.60 030 5.0003 50007 Z
535.90 0.05 0.13 0.0115 0.0070 3 5D50 10 5.0005 0007 7
544.27 0.06 0.025 0.0025 0.0002 4 S644 5 Z
547.17 0.07 0.079 0.0076 0.0002 4 3056 os 7

 

 

 

 

 

 

 

 

 

 

 

 

 

 

 

 

Table of Contents

   
