Page -742-
107 188Re(17 hr.)

4-13-70
4.55 cm? x 8 mm Ge(Li)
1 gicm? Poly

18.5 cm
75-188-1

10°

10°

=
°
=

829——_931

Counts/Channel/Second
3

1149/1150

1174

10?

101 eat

   

3200 2400 2600 2800 3000 3200 3400 3600 3800 4000
Channel Number

 

Table of Contents
Page -743-

1. 17 hr. 0 188Re(17 hr.) Decay Scheme

188
75RE Ka-=2120.4

9

 

 

 

 

 

 

 

 

 

957.08
Y 41:03
2 1807.60
2 1765.35
©
©
Ly +
0 0182 478.09

 

 

 

 

 

 

 

 

 

 

0.024% \ (2)4

 

 

 

 

 

 

 

 

 

   

_ "880s

 

Se D> _— ——
BR Table of Contents |.
Page -744-

 

GAMMA-RAY ENERGIES AND INTENSITIES

 

 

 

 

 

 

 

 

 

 

 

 

 

 

 

 

 

 

 

 

 

 

 

 

 

 

 

 

 

 

 

 

 

 

 

 

 

 

 

 

 

 

 

 

 

 

 

 

 

 

 

 

 

 

 

 

 

 

 

 

 

 

 

 

 

 

 

 

Nuclide: 188Re Ey, OE,, ly, Gly - 1998 ENSDF Data Half Life: 17.005(4) hr.

Detector: 4.55 cm? x 8 mm Ge (Li) Method of Production: 187Re(n,y)
E, (keV) oE, 1, (rel) ly (%) oly Ss E, (keV) oE, \, (rel) ly (%) oly s
D 155.0 400 0.0061 0.0006 1 1191.84 0.12 0.0133 0.0007 (| 4
155.041 0.004 : 15.1 0.9 1209.790 0.024 0.0030 0.0002 | 4
312.001 0.024 0.0043 0.0011 4 1302.4 0.3 0.0057 0.0008 | 4
322.93 0.04 0.21 0.0161 0.0011 4 1304.86 0.20 0.0028 0.0003 | 4
453,340 0.020 0.77 0.073 0.006 4 1308.03 0.06 0.46 0.065 0.003 3
477.992 0.025 7A 1.02 0.06 1 1322.91 0.20 0.10 0.011 0.003 4
486.087 0.011 0.71 0.079 0.004 3 1331.95 0.07 0.0017 0.0002 | 4
514.88 0.06 0.0054 0.0003. | 4 1457.54 0.13 0.0185 0.0009 | 4
557.71 0.10 0.0009 0.0001 4 1463.0 0.6 0.0008 0.0003 4
623.8 0.3 0.0024 0.0005 4 1530.5 0.3 0.0006 0.0002 4
632.983 0.021 1.27 0.06 1549.26 0.10 0.0016 0.0009 4
Dl —e54.98 0.07 10.0 0.148 0.008 1 1574.57 0.25 0.0006 0.0001. | 4
672.535 0.016 0.83 0.111 0.006 3 1610.40 0.05 0.66 0.098 0.005 1
810.49 0.04 0.0009 0.0002 4 1652.49 0.14 0.0035 0.0003 4
825.2 0.7 0.26 0.0175 0.0010 | 4 1669.91 0.07 0.0103 0.0005 | 4
829.47 0.04 3.0 0.410 0.020 1 1704.0 4
845.07 0.04 0.08 0.0068 0.0003 4 1765.1 4
931.345 0.010 3.9 0.553 0.028 1 1785.95 0.12 0.16 0.0194 0.0010 | 3
979.25 0.17 0.0010 0.00021 4 1802.04 0.04 0.24 0.0363 0.0018 | 2
084.1 05 0.0003 0.00021 4 1807.6 0.3 0.0009 0.0001 4
1017.67 0.10 0.0146 0.0007__| 4 1809.5 0.3 9.0004 0.0001 | 4
1071.4 03 0.0007 0.0001 4 1825.0 4
1096.8 04 0.0006 0.00021 4 1864.91 0.25 0.0050 0.0003 | 4
1132.310 0.020 0.59 0.083 0.004 3 1867.20 0.22 0.0005 0.0001 4
1149.7 0.4 0.0158 0.0008 1936.9 0.3 0.0002 4
Orbos 04 0.31 0.0154 00008 | 3 1940.91 0.23 0.0018 0.0001 4
1174.57 0.03 013 0.0187 000121 4 1956.96 0.17 0.13 0.0150 0.0008 | 3
2022.53 0.16 0.0015 0.0001 4

 

 

 

 

 

 

 

 

Table of Contents

   
