eSeb
bel
ZLEL

66¢1: eee Seka

Srl
Sec
102 1/9081

coaxial Ge(Li)

~10 cm

1/8 inch poly
34-83-41

®3$e(22 min.)

65 cm

ZLLL/S bat

891
v99OL

1

o

So

N

1 © Pa s 2 o
° o ° o °
= = = = =

Page

puosas/jeuueyo/s}unog

10°

 

10°

 

Channel Number

z
2
=
eo
2
=
3
Oo
Sm)
3
2
S
e

 
83S$e(22 min.) Decay Scheme
gamma-rays emitted from high energy levels

22 min.

Page -207-

     

356.68,

LEET >

Love >)

5/2-

 

3/2-

2.4 hr.

RF

2Br

Table of Contents

 
Page -208-

22 min.
2+

349e

Q=3668

83S$e(22 min.) Decay Scheme

gamma-rays emitted from low energy levels

 

83
35br
Table of Contents
Page -209-

 

GAMMA-RAY ENERGIES AND INTENSITIES (page 1 of 2)

 

 

 

 

 

 

 

 

 

 

 

 

 

 

 

 

 

 

 

 

 

 

 

 

 

 

 

 

 

 

 

 

 

 

 

 

 

 

 

 

 

 

 

 

 

 

 

 

 

 

 

 

 

 

 

 

 

 

 

 

 

 

 

 

 

 

 

 

 

 

 

 

 

 

 

 

 

 

Nuclide: 88Se E,, oE,, |, ol, - 1998 ENSDF Data Half Life: 22.3(3) min.
Detector: 65 cm coaxial Ge (Li) Method of Production: 82Se(n,y)

E, (keV) oEy \, (rel) ly (%) oly s E, (keV) oE, U, (el) ly (%) oly s
190.0 1.0 0.22 0.14 4 866.64 0.09 11.7 8.2 0.9 1
208.30 0.09 3.0 1.94 0.13 3 83.61 0.10 103 721 0.24 1
225.18 0.05 43.4 32.7 1.4 1 387.81 O10 56 43 06 3
296.06 0.21 0.50 0.29 0.07 4 928.0 1.0 0.22 0.08 4
322.0 0.6 0.20 0.20 0.04 4 933.73 0.19 0.90 0.71 0.05 3

329.5 03 0.60 0.60 0.08 4 943.3 03 05 05
340.16 0.18 0.90 0.46 0.05 4 D 943.4 03 1.30 0.87 0.04 3
356.70 0.04 100 70.0 1.0 1 966.0 2.0 03 0.27 0.08 4
371.61 0.10 i) 0.60 0.05 4 987.90 0.10 1.40 0.67 0.06 4
389.20 0.10 i 0.64 0.05 4 993.0 2.0 0.32 0.22 4
415.2 05 2.3 1.62 0.17 3 995.93 0.19 24 1.31 0.09 3
433.0 1.0 0.4 0.16 0.05 4 1031.10 0.10 0.3 0.22 0.09 4

442.40 0.10 03 04 1036.5 03 0.38 0.08
oO aaa 06 1.50 0.770 0.017 3 OF 7036.5 03 0.60 0.14 0.17 4
451.63 0.19 750 0.97 0.08 3 1042.13 0.19 24 1.19 0.12 3
7A 0.10 48 3.47 0.17 2 1064.11 0.10 78 55 05 2
472.70 0.20 0.15 04 4 1082.06 0.18 44 2.65 0.10 3
p|__485.70 0.10 35 12 12 3 7093.0 1.0 0.60 0.27 0.09 4
485.72 0.10 : 2.36 13 7110.3 03 0.80 0.42 0.07 3
510.06 0.07 60.0 43. 3. 1 1191.75 0.14 6.4 4.14 0.17 1
553.20 0.21 64 3.36 0.22 3 7206.88 0.19 7.0 0.91 0.08 3
571.91 0.09 64 43 03 3 7208.0 1.0 14 04 0.4 3
581.60 0.20 0.35 0.07 4 7225.95 0.19 22 1.30 0.06 3
593.41 0.10 TA 0.74 0.04 4 7239.0 1.0 0.22 0.05 4
609.22 0.10 45 2.88 0.15 3 1245.2 03 1.20 0.68 0.04 3
621.63 0.19 7.0 0.57 0.10 4 1259.4 0.3 1.60 0.91 0.05 3
636.0 1.0 0.7 0.42 0.21 4 1293.8 03 33 17 04 2
664.80 0.10 48 3.29 0.22 3 1299.15 0.19 7.6 5.3 0.6 1
670.9 0.8 0.4 0.34 0.07 4 1305.9 04 0) 0.62 0.06 3
sae ote is iss on 3 1317.05 0.21 6.3 3.99 0.22 1
FSA 310 44 34 63 3 1341.29 0.17 7.9 5.4 0.5 1
718.03 0.10 21.7 15.0 17 1 1352.59 0.17 6.6 4.62 0.22 1
735.12 0.41 1.20 0.76 0.07 3 1384.0 1.0 0.38 0.10 4
799 04 0.09 214 148 16 1 1420.6 03 2.0 1.13 0.06 3
B50 0 OF 038 a5 Z 1436.0 1.0 150 0.90 0.07 3
T4474 03 0.90 0.48 0.05 3
836.52 0.09 15.7 13. 3. 1 1456.0 2.0 05 0.30 0.08 4

 

 

 

 

 

 

 

 

 

 

 

 

 

 

 

 

Table of Contents

   
Page -210-

 

GAMMA-RAY ENERGIES AND INTENSITIES (page 2 of 2)

 

 

 

 

 

 

 

 

 

 

 

 

 

 

 

 

 

 

 

 

 

 

 

 

 

 

 

Nuclide: 88Se E, oE,, ls ol, - 1998 ENSDF Data Half Life: 22.3(3) min.
Detector: 65 cm coaxial Ge (Li) Method of Production: 82Se(n,y)

E, (keV) oE, \, (rel) ly (%) oly Ss E, (keV) oE, I, (rel) i) oly Ss

1475.2 03 1.30 0.76 0.06 3 1847.7 04 1.60 0.91 0.21 3

1508.0 2.0 0.80 051 0.06 3 1854.5 03 2.80 1.68 0.22 2

1532.0 2.0 0.22 0.05 4 1871.3 03 2.40 157 0.09 2

1554.81 0.20 3.7 2.53 0.13 2 1894.88 0.21 10.8 7.8 0.3 1

1645.0 2.0 0.46 0.08 4 1973.3 0.4 0.90 0.64 0.05 3

1664.6 0.6 1.0 0.56 0.07 3 2046.0 1.0 1.40 0.97 0.14 3

1685.0 2.0 0.70 0.46 0.06 4 2072.7 08 0.60 032 0.05 3

1700.0 2.0 0.22 0.06 4 2085.3 0.4 1.20 0.59 0.06 3

pL_1715.9 0.3 1.00 0.63 0.21 3 2167.3 0.4 0.35 0.07 4

4717.0 2.0 0.66 9.07 2290.3 0.3 12.9 93 04 1

“_ oe ss or 4 2337.5 03 47 3.43 022 | 4

: - - : - 2421.0 1.0 0.60 0.42 0.06 2

 

 

 

 

 

 

 

 

 

 

 

 

 

 

 

 

Table of Contents

   
