Page -602-

107 153Sm(46 hr.)

2-28-73,
65 cm’ coaxial Ge(Li)
1.26 gicm? Be

Eu K 20cm
65-153-1

10° x-rays —_69

106

104

10°

Counts/Channel/Second

10?

10°

10°

 

 

G 200 400 600 800 1000
1000 1200 1400 1600 1800 2000

Channel Number

   

Table of Contents
Page -603-
_ 46 hr. 1835m(46 hr.) Decay Scheme

‘35m

   

BE u stable

Sm wo
EB Table of Contents Ss
Page -604-

 

GAMMA-RAY ENERGIES AND INTENSITIES

 

 

 

 

 

 

 

 

 

 

 

 

 

 

 

 

 

 

 

 

 

 

 

 

 

 

 

 

 

 

 

 

 

 

 

 

 

 

 

 

 

 

 

 

 

 

 

 

 

 

 

 

 

 

 

 

 

 

 

 

 

 

 

 

 

 

 

 

 

 

 

Nuclide: 153Sm Ey, OE,, ly, Gly - 1998 ENSDF Data Half Life: 46.284(4) hr.
Detector: 65 cm coaxial Ge(Li) Method of Production: 152Sm(n,y)
E, (keV) oE, \, (rel) Ly (%) oly S E, (keV) oE, I, (rel) ly (%) oly s
14.064 4 545.75 0.15 0.003 0.0009 0.0001 4
19.813 4 554.94 0.10 0.020 0.0049 0.0005 2
54.193 0.0079 0.0002 4 574.1 0.3 0.0002 0.0001 4
68.256 0.0013 0.0004 4 578.75 0.20 0.013 0.0034 0.0003 3
69.673 16.2 4.85 0.09 1 584.55 0.20 0.004 0.0012 0.0001 4
75.422 14 0.349 0.016 4 587.60 0.25 0.002 0.0004 0.0001 4
83.367 0.63 0.185 0.018 4 590.96 0.20 0.005 0.0011 0.0001 3
89.486 0.32 0.167 0.009 4 596.70 0.20 0.045 | 0.0116 0.0012 | 1
96.882 0.001 0.0074 0.0001 598.3 0.3
Ds 931 2.33 G46 GOi6 3 D 5083 03 0.005 0.0021 0.0004 4
103.18 100. 29.8 0.4 1 p [808.6 0.4 0.019 | 0.0046 0.0005 | 2
118.112 0.001 0.0002 0.0001 4 603.6 0.4
124.9 0.4 0.0092 0.0001 4 609.5 0.3
151,624 0.007 0.03 0.0113 0.0015 3 D 609.5 0.3 0.051 | 0.0146 0.0012) 1
166.555 0.002 0.0006 0.0001 4 615.8 04
pi t72.308 0.002 ooe 0.0004 3 D SES oa 0.003 0.0006 0.0002 3
172.853 : 0.0805 0.0016 617.9 0.3 0.003 0.0007 0.0002 3
412.05 0.20 630.5 04 0.0001 4
D 0.008 0.0021 0.0002 3
412.05 0.20 634.8 0.3 0.002 0.0005 0.0001 4
424.4 0.3 0.007 0.0021 0.0002 3 636.50 0.20 0.007 0.0022 0.0002 3
436.9 03 0.008 0.0015 0.0002 3 657.55 0.25
443.2 05 0.0001 4 Dl —¢57.55 025 0.001 0.0004 4
462.0 0.3 0.0018 0.0006
D 0.053 1 662.4 0.6 4
463.60 0.20 0.0146 0.0015 677.0 0.3 4
485.00 0.20 0.0004 4 682.0 0.6 4
487.75 0.23 0.0004 4 686.0 0.4 0.004 0.0002 3
509.15 0.20 0.010 0.0021 0.0004 3 694.1 0.3 4
521.3 25 0.028 0.0074 0.0009 3 701.8 0.4 4
530.0 4 706.8 05 4
531.40 0.15 0.238 0.063 0.006 1 713.9 0.3 0.001 0.0002 4
533.20 0.20 0.119 | 0.032 0.003 | 1 719.0 0.4 4
760.5 0.4 4
539.10 0.20 0.086 | 0.0218 0.0012 | 1 763.8 08 z
542.70 0.20 0.014 0.0023 0.0002 3 : :

 

 

 

 

 

 

 

 

 

 

 

 

 

 

 

 

Table of Contents

   
