Page -257-

107 ®8Sr(32 hr.)

2-3-69
4.55 cm? x 8 mm Ge(Li)
no absorber
5cm
38-83-1

106

10°

10*

108

Counts/Channel/Second

10?

10°

 

   

0 200 400 600 800 000 200 00 600 80 2000
2000 2200 2400 2600 2800 3000 3200 3400 3600 3800 4000
Channel Number

   

Table of Contents
Page -258-

®Sr(32 hr.) Decay Scheme 32 hr.

gamma-rays emitted from high energy levels

 

 

2090.07
2056.31 Hf
020 Ht 0

 

 

 

 

951-9 4.
916.21 $0172

 

 

1808.4 S
1798.74 40.8%

 

 

 

 

 

 

 

 

 

674

1243.00
4202.03
1103.29

 

 

 

 

+944
+ 890
+853

 

 

471044
+916
+848

1/2+ to 7/2-

 

 

 

= 1050:
+715

1083.32

1044.08
1036.54

 

 

 

 

+ 907

 

 

 

+1019

 

 

#1252
+1214
+1147:
+994

1296

804.75.
‘60.05.
37.25,

 

1214

 

 

 

 

 

 

 

1666
1562
#1528

+1666
#1385
=1374

423.63
389.31

 

 

 

 

 

 

 

 

2047

99.33
42.12
5.26,

2
2147
2134
2089
42047.
2014
1952
1911

37RD

Table of Contents

 

      
 
Page -259-

3/2,5/2,7/2-

83$r(32 hr.) Decay Scheme

gamma-rays emitted from low energy levels

 

 

 

 

#Rb

Table of Contents

32 hr.
330°
Page -260-

 

GAMMA-RAY ENERGIES AND INTENSITIES (page 1 of 2)

 

 

 

 

 

 

 

 

 

 

 

 

 

 

 

 

 

 

 

 

 

 

 

 

 

 

 

 

 

 

 

 

 

 

 

 

 

 

 

 

 

 

 

 

 

 

 

 

 

 

 

 

 

 

 

 

 

 

 

 

 

 

 

 

 

 

 

 

 

 

 

 

 

 

 

 

 

 

 

 

 

 

 

 

 

 

 

 

 

Nuclide: 83Sr E,, OE, ly, Gly - 1998 ENSDF Data Half Life: 32.41 (3) hr.
Detector: 4.55 cm2 x 8 mm Ge(Li) Method of Production: 84Sr(y,n)
E, (keV) oE, ly (rel) A) oly s E, (keV) oE, Ly (rel) a) oly s
5.23 0.09 4 804.65 0.15 0.33 0.09 0.04 3
42.33 0.15 16 08 3 808.7 0.3 0.12 0.041 0.019 | 4
94.11 0.10 115 0.46 0.21 4 819.29 0.10 2.84 0.8 0.4 3
156.8 0.3 0.039 0.026 831.0 7.0 0.006 0.009 | 4
156.8 0.3 0.039 0.026 | 4 838.0 1.0 0.009 0.010 | 4
159.75 0.10 0.34 0.11 0.05 3 848.44 0.10 0.82 0.23 0.11 4
290.04 0.10 1.32 0.44 0.21 4 p [853.83 0.10 056 0.13 0.06 4
381.17 0.03 25 1.2 853.83 0.10 . 0.13 0.06
Di —sars3 003 56.8 1a 7 1 868.6 04 0.015 0.008 4
389.37 0.10 6A Wd 08 3 869.1 0.5 0.027 0.014 | 4
418.37 0.03 15.8 44 24 2 879.1 0.4 0.036 0.018 | 4
423.63 0.03 53 16 0.7, 3 888.1 9.9 0.021 0.016 | 4
438.16 0.10 2.83 0.9) 04 3 pL 890.8 0.3 0.72 0.14 0.07 4
Ann. [511,006 46 44 1 890.8 9.3 0.14 0.07
559.35 0.10 3.0 0.22 0.10 4 902.95 9.30 9.07 0.08 4
364-48 020 0:10 005 907.67 0.10 7.02 0.30 0.14 4
564-45 020 O10 O05 z 916.91 0.10 0.46 0.13 0.06 4
630.5 03 0.030 0.015 4 930.00 0.20 0.050 0.024 | 4
638.05 0.35 0.045 0.023 co oa 0.028 O04 © 4
638.05 0.35 0.045 0.023 | 4 - - - E
645.80 0.20 0.79 0.048 0.023 | 4 D[_ 944.56 0.10 ae 0.14 0.06 4
652.5 0.4 0.81 0.10 0.05 4 944.56 0.10 0.14 0.06
657.73 0.15 0.09 0.04 4 pL 994.20 0.10 2.03 0.60 0.28 3
6507 33 0.36 O17 994.20 0.10 0.60 0.28
6607 03 036 017 1005.10 0.20 0.022 0.010 | 4
D|—¢07 03 1.34 036 om7 4 1010.35 0.20 0.19 0.028 0.013 | 4
3561 D0 ood OTT 1019.45 0.15 0.37 0.048 0.024 | 4
674.00 0.25 0.57 0.07 0.03 4 1035.4 0.4 0.036 9.018 4
676.6 03 O36 0.049 0.0844 1038.55, 0.25 ET 0.09 0.04 4
eee | 0 goer ots [4 D[tost0s—} 00] .11 Fosfor] 3
709.1 0.4 0.015 0.007 | 4 : - : E -
710.6 0.6 0.029 0.014 | 4 1044.03 0.10 0.35 0.16
715.34 0.10 0.46 0.10 0.05 4 1050.6 0.3 0.46 0.414 0.05 4
737 05 0.016 0.00974 1054.45 0.10 0.77 0.20 0.10 3
731.95 0.10 0.31 0.08 0.04 4 1078.8 i4 0.008 0.007 7
737.13 0.10 0.89 0.26 0.12 4 E : E E
a5 4 03 009 O05 7 1086.30 0.25 0.035 0.017__| 4
759.1 0.4 0.41 0.21 4 1098.05 0.0 0.88 pes _ 3
762.65 0.10 100 30. 14. 1 1102.90 0.20 0.029 0.014 | 4
778.44 9.10 6.6 2.0 0.9 2 1125.55 0.30 0.016 0.008 4
193.4 0.4 0.042 0.020 | 4 1130.41 0.15 0.18 0.040 0.020 | 4

 

 

 

 

 

 

 

 

 

 

 

 

 

 

 

 

Table of Contents

   
Page -261-

 

GAMMA-RAY ENERGIES AND INTENSITIES (page 2 of 2)

 

 

 

 

 

 

 

 

 

 

 

 

 

 

 

 

 

 

 

 

 

 

 

 

 

 

 

 

 

 

 

 

 

 

 

 

 

 

 

 

 

 

 

 

 

 

 

 

 

 

 

 

 

 

 

 

 

 

Nuclide: ®8Sr Ey, GEy, |, oly - 1998 ENSDF Data Half Life: 32.41 (3) hr.
Detector: 4.55 cm2 x 8 mm Ge(Li) Method of Production: 4Sr(y,n)

E, (keV) OE, ly (rel) 1, (%) oly Ss E, (keV) OE, 1, (tel) 1, (06) ol s
1147.33 0.10 44 1.3 0.6 2 1597.64 0.15 0.032 0.015 4
1159.97 0.10 5.4 15 07 2 1606.0 07 0.009 0.007 4
1174.08 0.15 0.22 0.040 0.019 4 1612.7 05 0.015 0.009 4
1178.55 0.40 0.010 0.005 4 1624.7 08 0.009 0.007 4
1201.77 0.15 Oe 0.16 0.07 4 1649.5 05 0.036 0.017 4
1208.6 04 0.020 0.010 4 1653.31 0.15 0.29 0.07 0.03 4
1214.88 0.15 0.24 0.11 1666.20 0.15 0.08 0.04

DO) y214.88 0.15 0.82 0.24 O11 3 Dy 7666.20 0.15 0.28 0.08 0.04 4
1234.3 0.6 0.038 0.018 4 1707.40 0.25 0.023 0.011 4
1237.72 0.15 O77 0.21 0.10 3 1711.15 0.20 0.030 0.014 4
1242.87 0.15 0.29 0.07 0.03 4 1749.25 0.25 0.023, 0.011 4
1252.45 0.20 0.07 0.014 0.007 4 1756.50 0.20 0.020 0.009 4
1272.1 04 0.22 0.07 0.03 4 1765.7 04 0.015 0.007 4
1277.8 04 0.09 0.028 0.014 4 1777.85 0.25 0.023, 0.01T 4
1285.11 0.15 0.31 0.08 0.04 4 1793.25 0.25 0.013 0.006 4
1296.06 0.15 0.49 0.13 0.06 4 1798.55 0.15 0.027 0.013 4
1324.45 0.20 O71 0.20 0.10 4 1873.74 0.15 0.028 0.013 4
1331.6 08 0.015 0.017 4 1911.15 0.20 O21 0.030 0.014 4
1374.97 0.15 0.25 0.046 0.022 4 1946.7 06 0.07 0.04 4

pL 1383.2 0.6 0.47 0.048 0.025 4 1952.06 0.15 2.80 08 0.4 1
1385.4 0.4 0.10 0.05 2014.98 0.15 0.18 0.046 0.022 3
1396.7 06 0.018 0.009 4 3047 Bt O15 6.08 0.04
1440.9 03 0.028 0.014 4 D}—5047.81 015 0.34 0.09 0.04 2
Hee os 9.008 ober 4 2053.4 03 0.007 0.004 a
1528.32 0.15 0.30 0.092 0.04 3 oe ot O88 ote 0.06 t
1562.51 0.15 5.7 1.8 0.8 1 ay 64 Os O60 O17 0.08 ,
1592.5 03 0.014 0.007 4 : : : : :

 

 

 

 

 

 

 

 

 

 

 

 

 

 

 

 

Table of Contents

   
