-645-

 

x 8mm Ge(Li)

2-14-69 thru 2-17-69
no absorber
3cm
65-155-1

2.5 cm?

“‘peyuuy-L LG
i

'Tb(5.3 day)

|
887/98b

L6E/06E:

He
eee QLoos

Channel Number

z
2
=
eo
2
=
3
Oo
Sm)
3
2
S
e

S-
WW za) t6L Loo

SLL

 

3
4 e020
oO
oO
ut | sAei-x 4 Gd
co | | 09
ze 8
“ol
s S SL9/PL9
oO
z6s
2 2 s. 2 7 x
o o o o So o Oo
= = = = = = =

 

Page

puosas/jeuueyo/s}unog }
Page -646-

155Tb(5.3 day) Decay Scheme
gamma-rays emitted from high energy levels 5 3 day
2+

 

 

 

592
559
488
454

19
+

ah
_ eaGd a
EB Table of Contents [eS

42

 
Page -647-

155Tb(5.3 day) Decay Scheme

 

 

 

 

 

 

©
s Q gds °
TT figow s GG 38.0 Q
om ee Sea 408 is 3
) seen ~ :
69 === a
Rada dae dg S
ONS © ano 9 9 9
naw oO oO S oa0 Oo
CG ao 0 NA
Spe!
1s>
crore
rT 28")
; oz!
8 srl
aff
5 ee 08
3 90¢>
8 = E91.
£ —
3 rr 80)
5
€
5

 

 

 

 

 

 

 

 

 

 

 

SOL

orl

89c

eaGd

aa

Table of Contents
Page -648-

 

GAMMA-RAY ENERGIES AND INTENSITIES (page 1 of 2)

 

 

 

 

 

 

 

 

 

 

 

 

 

 

 

 

 

 

 

 

 

 

 

 

 

 

 

 

 

 

 

 

 

 

 

 

 

 

 

 

 

 

 

 

 

 

 

 

 

 

 

 

 

 

 

 

 

 

 

 

 

 

 

 

 

 

 

 

 

 

 

 

 

 

 

 

 

 

 

 

 

 

Nuclide: '®5Tb Ey, OE,, ly Gly - 1998 ENSDF Data Half Life: 5.32(6) day
Detector: 2.5 cm? x 8 mm Ge (Li) Method of Production: 155Gd(p,n)
E, (keV) oE, 1, (rel) 1 (%6) oly Ss E, (keV) oE, 1, (rel) 1, (06) oly s
10.49 0.04 0.015 0.005 4 162.650 0.020 0.0176 0.0009_| 4
18.769 0.015 0.063 0.005 4 163.280 0.010 166. 4.44 0.23 1
20.999 0.023 0.0016 0.000% 4 169.00 0.10 0.0025 0.0025 1 4
26.533 0.006 0.394 0.024 4 175.290 0.020 13 0.044 0.005 4
31.43 0.09 0.022 0.005: 4 178.00 0.10 0.008 0.005 4
33.60 ‘ 180.080 0.010 | 278. 75 0.4 1
- 181.69 0.09 20.4 0.422 0.022 3
45.299 9.005 1.60 0.08 8 182.10 0.10 2.0 0.110 0.008 | 4
55.650 0.008 0.0020 0.0015 [4 18530 0.40 0.008 0.008 7
57.983 0.005 14.0 0.205 0.012 4 78600 O40 30013 Do01s 4
59.68 0.021 0.004 | 4 188.30 0.10 0.0025 0.0010 | 4
60.012 0.003 30.0 141 0.07 3
191.40 0.10 16 0.0009 0.0004 [4
61.49 0.04 05 0.029 0.004 4
193.319 0.004 0.0010 0.0002 [4
79.2 0.0251 0.0013 | 4
200.411 0.004 0.230 0.013
80.60 0.10 0.015 0.010 4 D 8.5 3
86.00 020 mE 50008 201.0 1.0 0.013 0.008
D : : 1178. : s 1 203.370 0.020 145 0.029 0.003 4
86.55 0.03 32.0 1.8 206.540 0.020 72 0.471 0.015 | 3
99.02 0.25 24 0.087 0.006 4 208.05 0.05 0231 0.017
101.160 0.010 88 0.161 0.013 4 Dl —a08 58 0.05 11.9 0.058 0.013 3
p|__102.40 0.10 20 0.015 0.005 4 216.02 0.05 55 0.136 0.012 3
103.30 0.10 0.010 0.005 218.40 0.10 05 0.008 0.005 4
105.318 0.003 1000. 25.4 1.3 1 p|__220.07 0.05 258 0.166 0.010 2
118.0 0.0025 0.000% 4 220.70 0.05 : 0.508 0.027
120.6 03 3.0 0.069 0.007 4 222.00 0.10 13 0.020 0.010 4
125.40 0.10 0.0050 0.0025 [4 226.950 0.00 5.9 0.148 0.008 3
p|__129.30 0.10 28 0.0005 0.0001 4 230.20 0.10 0.0018 0.0008 | 4
129.30 0.10 : 0.006 0.004 232.330 0.020 1 0.0173 0.0022 [4
132.00 0.10 0.0075 0.0025 | 4 234.780 0.010 25 0.0331 0.0026 | 4
136.20 0.10 0.78 0.0038 0.0025 | 4 237.5 04 0.0028 0.0020 | 4
138.29 0.07 0.92 0.0241 0.0026 | 4 239.450 0.010 94 0.227 0.012 3
141.50 0.10 0.0040 0.0020 [4 242.800 0.020 0.75 0.0156 0.001% 4
146.05 0.08 35 0.048 0.00 4 245.00 0.09 0.0028 0.0015 | 4
148.640 0.010 105. 2.65 0.14 1 246.05 0.09 0.84 0.0013 0.0005 | 4
150.63 0.05 aT 0.0299 0.0023) 4 248.60 0.10 1.04 0.0050 0.0025 | 4
158.57 0.05 2.6 0.043 0.003 4 p--_261.250 0.010 204 0.040 0.007 1
p|__159.10 0.10 0.0075 0.0025 | 262.270 0.010 : 5.29 0.28
160.51 0.10 0.78 0.04 266.02 0.08 0.0028 0.0003 | 3
161.290 0.010 124. 276 0.15 1 268.560 0.010 26.6 0.71 0.06 2

 

 

 

 

 

 

 

 

 

 

 

 

 

 

 

 

Table of Contents

   
Page -649-

 

GAMMA-RAY ENERGIES AND INTENSITIES (page 2 of 2)

 

 

 

 

 

 

 

 

 

 

 

 

 

 

 

 

 

 

 

 

 

 

 

 

 

 

 

 

 

 

 

 

 

 

 

 

 

 

 

 

 

 

 

 

 

 

 

 

 

 

 

 

 

 

 

 

 

 

 

 

 

 

 

 

 

 

 

 

 

 

 

 

 

 

 

 

Nuclide: 15°TIb E,, OEy, |, Gly - 1998 ENSDF Data Half Life: 5.32(6) day
Detector: 2.5 cm? x 8 mm Ge (Li) Method of Production: 155Gd(p,n)
E, (keV) oEy \, (rel) ly (%) oly s E, (keV) oE, 1, (rel) ly (%) oly s
271.0 05 0.0020 0.0013 | 4 396.0 05 0.0020 0.0003__| 4
275.38 0.08 0.0030 0.0013__| 4 402.160 0.010 3.09 0.072 0.006 3
278.60 0.10 0.0025 0.0025 [4 427.180 0.010 1.96 0.0274 0.0016 [4
281.060 0.010 11.8 0.302 0.016 2 428.70 0.40 0.0010 0.0005 | 4
286.960 0.010 12.0 0.317 0.018 2 445.980 0.010 0.0098 0.0023 [4
p|__290.20 0.10 0.0020 0.0008 | 450.640 0.020 0.0281 0.0027 [ 4
290.20 0.10 0.0020 0.0008 451.600 0.020 191 0.0098 0.0023__| 4
294.75 0.15 0.17 0.0013 0.0005 | 4 454.450 0.010 0.89 0.0198 0.0023__| 4
303.10 0.10 0.0023 0.0015 | 4 474.14 0.15 0.0004 4
pl__304.6 05 O74 0.0005 0.0001 4 484.80 0.10 0.0003 0.0002 [ 4
305.17 0.10 : 0.0030 0.0013 486.88 0.15 0.0241 0.0024 | 4
309.21 0.03 0.0048 0.0008 | 4 488.65 0.15 1.98 0.017 0.003 4
317.90 0.10 0.0020 0.0010 | 4 493.90 0.10 0.0004 0.0002 [4
321.830 0.010 69 0.181 0.012 3 496.10 0.10 0.0005 0.0002 | 4
323.53 0.08 0.023 0.008 4 499.24 0.06 0.0009 0.0002 | 4
325.44 0.09 0.0045 0.0013 4 501.70 0.07 0.0115 0.0010 [4
328.1 03 0.0020 0.0010 | 4 505.520 0.010 2.00 0.045 0.004 3
336.560 0.010 0.67 0.033 0.003 4 509.70 0.20 0.0003 0.0001 | 4
340.670 0.010 43.0 1.18 0.07 1 Ann.{___511.009
342.58 0.05 3.43 0.0078 0.0020 | 3 512.89 0.09 0.0013 0.0002 | 4
344.0 09 0.008 0.008 4 529.76 0.06 0.90 0.0118 0.0021 | 4
346.036 0.025 0.0065 0.0011 4 532.09 0.05 17 0.045 0.007 4
349.1 0.9 0.90 0.0070 0.0004 [4 538.15 0.03 0.0003 0.0002_| 4
364.060 0.010 08 0.0115 0.0021 4 542.45 0.03 0.0040 0.0020 4
367.360 0.010 0.78 0.13 ee e010 | _0.86 _1_o.0168 {0.0025 | 4
D/ 367.360 0.010 | 92.0 1.48 0.19 1 $87 69 0.04 *- 0.0040 0.0008 | 4
367.929 0.001 0.050 0.006 592.080 0.010 0.75 0.0196 0.0022 | 4
370.730 0.010 85 0.228 0.013 2 508.96 0.06 0.0023 0.000314
379.14 0.03 0.0070 0.0020 | 4 603-25 015 0.0008 0.00057] 4
381.06 0.03 0.0053 0.0006 | 4 614.800 0.010 0.0304 0.0026
383.350 0.010 1.26 0.026 0.004 4 OD —675.70 0.10 1.14 0.0020 0.0015 4
p|_-390.620 0.010 0.74 0.019 0.004 4 634.51 0.09 0.0009 0.0004 | 4
391.600 0.010 0.0030 0.0013 647.730 0.010 0.0141 0.0015 | 4
394.6 0.5 0.0020 0.0013 | 4 658.93 0.15 0.0003 0.0004 4

 

 

 

 

 

 

 

 

 

 

 

 

 

 

 

 

Table of Contents

   
