Page -658-
10° 1®2Tb(7.6 min.)

9-17-66
2.5 cm? x 4 mm Ge(Li)
no absorber
3cm
65-162-1

104

3
s
a
<
<
+
a
=
io

10

10?

Counts/Channel/Second

10°

 

10°
0 100 200 300 400 500 600 700 800 900 1000

Channel Number

Table of Contents

   
Page -659-
1®Tb(7.6 min.) Decay Scheme

oO 6 min.

 

 

0
‘Tb
Q=2510
28%} 2- 1148.24
<0.3%1 Sy v 962.97

 

 

 

188 Dy stable

Table of Contents

g
i
fa
Page -660-

 

GAMMA-RAY ENERGIES AND INTENSITIES

 

 

 

 

 

 

 

 

 

 

 

 

 

 

 

 

 

 

 

 

 

 

 

 

 

 

 

 

 

 

 

 

 

 

 

 

 

 

 

 

 

 

 

 

 

 

 

 

 

 

 

 

 

Nuclide: 162Tp E,, OE,, ly, Gly - 1998 ENSDF Data Half Life: 7.60(15) min.
Detector: 2.5 cm? x 4 mm Ge (Li) Method of Production: 163Dy(y,p)

E, (keV) oF, A) 1 (%) oly s E, (keV) oe, A) 14 (%) oly s

74.7 0.0030 0.0001 | 4 1195.1 03 0.090 0.004 | 4

80.66 0.05 86 05 2 1223.0 0.6 0.0133 0.0017 | 4

pL__18498 2.70 0.14 > 12675 06 0.0077 0.0013__| 4

185.27 0.05 14.4 09 12758 0.4 0.047 0.013 | 4

247.4 0.0012 4 1276.9 0.4 0.043 0.013 | 4

260.05 0.06 80. 5. 1 1287.6 05 0.0154 0.0017__| 4

321.9 0.0016 4 1372.9 0.6 0.0081 0.0013 | 4

543.2 06 0.107 0013 | 4 1483.3 05 0.0047 0.0013__| 4

622.52 0.10 0.89 0.08 4 1517.0 06 0.0103 0.0013 | 4

697.35 0.10 2.58 0.09 4 1547.4 06 0.0098 0.0013 | 4

728.5 0.4 0.069 0.008 | 4 1556.5 06 0.0068 0.0013__| 4

807.53 0.08 42.8 15 1 1610.7 0.3 0.142 0.005 | 4

819.7 0.6 0.025 0.004. 4 1665.1 0.3 0.080 0.003 4

857.0 0.3 0.087 0.006 4 1702.1 0.5 0.0351 0.0018 4

882.32 0.08 13.4 05 1 1782.4 0.3 0.0389 0.0019 | 4

888.20 0.08 38.7 14 1 1806.1 08 0.0046 0.0008 | 4

5047 04 0.0295 0.0026 1 4 1901.8 0.6 0.0095 0.0010 | 4

9442 06 0.0103 0.0031) 4 1918.6 0.6 0.0072 0.0007 | 4

980.4 07 0.0043 0.0017 1 4 1982.3 06 0.0092 0.0007 | 4

1014.9 0.6 0.0154 0.0017 | 4 1999.1 0.8 0.0016 0.0005 | 4

1067.55 0.10 0.556 0.020 | 4 2047.9 0.4 9.0501 0.0020 | 4

1092.4 0.4 0.0197 0.0018 | 4 2062.8 0.6 9.0083 0.0007__| 4

1129.3 0.4 0.0120 0.0017 | 4 2167.3 0.6 0.0070 0.0006 | 4

1161.1 06 0.0068 0.0013__| 4 2233.0 0.8 9.0061 0.0006 | 4

1187.9 0.6 0.0068 0.0013 | 4 2290.2 1.0 0.0022 0.0004 | 4

 

 

 

 

 

 

 

 

 

 

 

 

 

 

 

 

Table of Contents

   
