0.87463331946997935628  3610.10830324909747292418 227 227
1.68179283050742908606  37037.03703703703703703703 227 227
1.18944218375116997612  4405.28634361233480176211 227 227
2.48236499230060432964  439.17435221783047870004 227 227
0.92325719085398735714  142857.14285714285714285714 227 227
0.52514852664917992260  500000.00000000000000000000 227 227
1.57133374646609626557  500000.00000000000000000000 227 227
0.84918210949877992505  500000.00000000000000000000 227 227
2.57556568169223743021  37037.03703703703703703703 227 227
0.01200000000000000000  439.17435221783047870004 227 227
1.73493515728974724123  500000.00000000000000000000 227 227
0.88695922636921894586  500000.00000000000000000000 227 227
0.90345214307668503378  142857.14285714285714285714 227 227
1.33956554318653481684  6933.27416939375450662821 227 227
1.54293678361297084505  6484.66377018351598469619 227 227
0.90980617049036462866  6303.85859184406775387214 227 227
0.62344782023398634318  5569.78946195833797482455 227 227
